  -1.7927795e-01  -4.8746416e-01  -5.9800424e-01  -8.7681171e-01  -1.0160387e+00  -8.7761944e-01  -1.0011248e+00  -1.3929645e+00  -3.6909388e-01  -2.8501629e-01   6.9048419e-03   2.1945862e-01   9.7262433e-01   5.9704598e-01   8.8730502e-01   9.5154176e-01   1.1730941e+00   1.3071662e+00   2.1618606e+00   1.8974544e+00
  -4.4709270e-01  -5.9015243e-01  -3.1392760e-01  -8.8674956e-01  -9.7061735e-01  -1.8271423e-01   1.5695751e-01   5.6217724e-01   7.7654118e-01   8.1418404e-01   5.6287702e-01   1.2161827e+00   8.3254420e-01   6.2633766e-01   4.2778479e-01   3.4191223e-01   2.1976133e-01  -9.3132539e-02   1.6939450e-01   9.8534984e-01
  -4.1269405e-01  -3.9460116e-01   2.8806728e-01   5.6287321e-01   1.7859600e-01   6.5848549e-01   1.1669831e+00   4.5669736e-01   1.7155085e-01   8.5097188e-01   7.4552632e-01   6.5867395e-01   5.6896023e-01   2.5781632e-01  -2.3719868e-01  -8.8993383e-01  -8.8955604e-01  -8.7883292e-01  -6.5688259e-01  -6.9393926e-01
   1.6274537e+00   1.1426990e+00   1.4310605e+00   1.0937256e+00   6.2450543e-01  -2.7436254e-02   2.4156876e-01   3.5644779e-01   1.2055031e+00   3.7587845e-01   7.1521749e-01   5.2414346e-01  -6.5825262e-02  -1.1991773e+00  -9.3217946e-01  -7.9967657e-01  -6.3622204e-01  -4.9168027e-01  -1.1527292e+00  -1.3715798e+00
  -5.9181326e-02   1.1560709e+00   1.1798480e+00   1.0588554e+00   4.9522583e-01   3.7511101e-01   7.9976150e-01   6.4186107e-01   7.4909691e-01   6.3626319e-01   5.8655768e-01   7.9396472e-01   1.0273805e+00   7.5837284e-01   1.0750915e+00   9.5402680e-01   4.2553062e-01   1.3608380e-01   4.3769163e-01   5.1725154e-01
  -8.0585883e-01  -1.7583334e-01   8.8099513e-01   6.2139682e-01   1.1161033e+00   4.6933624e-01   3.0426532e-01   2.7691599e-01   3.3107105e-01  -5.2681885e-03  -2.0563536e-01  -8.4742023e-04  -2.5849937e-01  -5.6445592e-02  -3.7070545e-01   1.4096318e-01   6.4478137e-01   9.4364337e-01   8.2456934e-01   1.1245073e+00
  -7.8598557e-01   3.9092154e-01   1.0824791e+00   8.1447585e-01   8.1767519e-01   3.8350565e-01   5.5464367e-01   1.2079688e+00   8.9611421e-01   7.5600436e-01   7.3583356e-01   1.4294845e+00   8.4314416e-01   4.6548195e-01   5.1074157e-01   5.7981073e-01   4.5631089e-01   3.8351859e-01   8.6634492e-01   1.6010380e+00
   9.0168635e-01   3.7250132e-01  -1.7995538e-01  -3.1771470e-01  -5.7798849e-01  -3.6452546e-01  -8.2988250e-01  -4.6279428e-01  -1.0456055e-01  -1.2684185e-01  -1.4138837e-03  -2.0207718e-01  -6.9213204e-01  -5.6273339e-01  -4.6963924e-01  -7.0902574e-01  -6.3048036e-01  -1.6824358e+00  -7.3830061e-01  -1.3047286e+00
   9.1308961e-01   7.3751360e-01   1.1374482e+00   1.3631667e+00   9.6137631e-01   1.1279495e+00   7.1375403e-01   6.6951671e-01  -5.6307761e-01  -6.6343776e-01  -4.5260295e-01   4.3577320e-01   2.4198357e-01   4.9555503e-01  -4.0594160e-01   2.4117376e-02   3.4778775e-01  -8.0115108e-02   7.5449354e-01   8.6841119e-01
   1.4921470e+00   1.2123356e+00   1.0582753e+00   9.4204905e-01  -2.2856633e-02   8.8523136e-02  -2.6596303e-01   2.1637778e-01   1.1198619e-01   4.2711370e-01   1.4106451e-01   1.5970555e-01   1.3915019e-01   3.2714392e-01   4.1709698e-02  -9.7305645e-01  -8.8597153e-02  -1.3310233e-01   4.4747431e-01   8.5468909e-01
   1.8264422e-01  -1.6340058e-01   3.6369281e-02   1.7919856e-01   7.1564597e-01   7.4003086e-01   4.6021597e-01   5.3164255e-01   6.6491613e-01   2.9355345e-01  -1.4205190e-01   2.4682067e-01   6.2446597e-01   2.6343770e-02  -2.1488024e-01   1.0928186e-01   1.6488137e-01   5.7238239e-01   9.7574916e-01   7.2842417e-01
   6.9287365e-01  -5.0023584e-01  -4.7288563e-01  -2.4987386e-01  -2.9156819e-01   9.2031692e-01   1.0963285e+00   1.0883844e+00   7.3005245e-01   2.4874754e-01   6.3756599e-01   5.4356169e-01   1.3498323e-01  -4.4802483e-01  -5.8683752e-02   3.1834116e-01  -6.2140911e-01   4.2179003e-02   7.8660800e-01   3.5591244e-01
  -6.6005533e-01  -5.0781639e-01  -6.9331676e-01  -4.1661819e-01  -7.7686848e-01  -8.2228460e-01  -1.2995140e+00  -9.4851487e-01  -1.5043979e+00  -5.6412229e-01  -6.8319133e-01  -7.4021192e-01  -1.1614271e+00  -3.7889850e-01  -3.6637275e-01  -4.2868961e-01   1.8358643e-02   1.4192000e-01   6.7596550e-02   1.3217163e-01
   2.6150599e-01   2.4160086e-01  -2.4797716e-01   2.8375117e-01   1.2440319e+00   1.5061534e+00   1.9974452e+00   1.6016544e+00   1.7242751e+00   2.1687900e+00   2.0610940e+00   1.4542744e+00   1.4786061e+00   6.4341231e-01   9.0544060e-01   1.7348845e-01   3.1968630e-01   4.8518079e-01  -8.1696940e-01  -8.4688514e-01
  -4.5116739e-01  -2.2310189e-01  -1.1749483e+00  -1.7774982e+00  -1.2858791e+00  -1.0129415e+00  -5.2846086e-01  -4.1323662e-01  -8.7867733e-01  -2.8542650e-01  -1.0970163e+00  -1.7744669e+00  -1.8114204e+00  -1.4713949e+00  -1.3688158e+00  -1.2974740e+00  -3.7147102e-01  -2.3670152e-01  -4.7084902e-01  -4.1800820e-01
   1.6179943e-01   6.3688125e-01   9.1177835e-01   1.3295043e+00   1.6530865e+00   2.3494624e+00   2.9529085e+00   2.3219622e+00   1.9365455e+00   2.8689216e+00   2.6272586e+00   2.5163921e+00   2.6983307e+00   2.1851449e+00   9.9686071e-01   1.3320960e-02  -8.0723437e-02  -7.9151759e-01   4.6662613e-01  -5.2543198e-02
  -6.2525862e-02   6.9261233e-02  -5.9686536e-01  -1.3540349e+00  -1.3888626e+00  -1.5083734e+00  -1.3046636e+00  -2.0362332e+00  -1.7673128e+00  -7.5014643e-01  -3.1825583e-02   4.7690688e-02   1.6397160e-02  -7.6850687e-01  -9.8967364e-01  -1.3818613e+00  -1.0573683e+00  -5.5521157e-01  -9.8493125e-01  -1.2614130e+00
  -8.8732232e-01  -1.2693846e-01   2.1751311e-01  -1.8648950e-01  -2.6808713e-01   5.9936894e-02   2.5101883e-01  -1.4033860e-01  -3.9668918e-01  -5.7129308e-01  -6.7363487e-01   1.1016855e-01   5.5533346e-01   9.4068316e-01   4.1612641e-01   1.1042954e+00   1.1225802e+00   1.4427364e+00   1.4172283e+00   1.4231438e+00
  -4.7051864e-02  -2.6495608e-01  -3.1195989e-01   2.6752232e-01  -5.4517761e-02  -9.2637090e-01  -1.7390848e-01  -4.5169151e-01   6.8225056e-04   3.7697372e-01   3.0303506e-01   4.1117754e-01   6.0978429e-01   7.0209349e-02  -5.3300896e-02  -1.1327684e-01  -3.0937831e-01  -3.9180990e-02   6.4596053e-01   8.6210559e-01
  -6.6959187e-01  -1.9025863e-01  -1.3087621e-01  -4.0918287e-01  -4.1134683e-01  -9.7801826e-01  -8.3071428e-01  -3.5574540e-01  -6.3332047e-01  -3.1056268e-01   8.3272195e-02  -2.3781388e-01  -4.5443177e-01  -7.7848041e-02   3.0087385e-01   1.2646838e-01   6.0582942e-01   5.8467671e-01   3.3477831e-01   2.4093285e-01
   8.4390259e-01   9.3960517e-01   6.9927310e-01   4.5540781e-01   8.4556502e-01   3.6833196e-01   2.3455984e-01   4.1282809e-02   5.8904385e-01   5.2709584e-01   1.0423126e+00   1.1007424e+00   1.7966195e+00   2.2770847e+00   2.3271275e+00   2.4076791e+00   2.3064260e+00   2.5610578e+00   1.5002644e+00   1.4125000e+00
   4.0869275e-01   2.5162143e-01   7.2437497e-01   3.5585989e-01   1.0778641e+00   8.2532006e-01   4.3461710e-01   8.2663307e-01   4.9996125e-01   1.0234235e+00   9.7461270e-01   1.5986244e+00   1.3998596e+00   1.0294582e+00   1.8762457e-01   5.4237331e-01   1.2999777e+00   9.3505789e-01   8.9098402e-01   7.8321131e-01
  -5.6072844e-01  -9.1157905e-01  -3.0148214e-01   2.4587244e-01   5.0173709e-01   7.3364326e-01   4.5576931e-01   7.5762435e-01   5.5722341e-01   9.5956915e-01   1.4076333e+00   1.0948304e+00   8.6427212e-01   9.9269818e-01   5.5033202e-01   3.2632107e-01  -4.3280638e-01  -6.9159645e-01  -1.8321369e-01  -1.0630883e+00
  -1.3763403e-01  -5.5698448e-02   2.8548597e-01  -1.9376687e-01  -2.9347841e-01  -2.6163785e-01   1.0402178e-01  -1.1052444e-01  -4.7178809e-01   6.1068577e-02   3.1153656e-02  -4.8835583e-01  -5.1187997e-01  -2.3904735e-01   1.8852344e-01   1.9552988e-01   4.6817955e-01   4.4508169e-01   6.7042225e-01   1.8309528e-01
   1.0400783e+00   1.7916570e+00   1.5951970e+00   6.6878137e-01   1.0175331e-01   6.6965858e-01   6.2295654e-01   1.5917866e-01  -1.7437010e-01  -6.5348032e-01  -1.1686358e+00  -1.0005773e+00  -2.4820647e-01  -8.9085248e-01  -1.2978374e+00  -9.2152171e-01  -9.0272559e-01  -9.1409904e-01  -1.3765910e+00  -1.4612844e+00
   3.5619948e-01   4.6823844e-01   7.9033089e-01   1.2593543e+00   1.0956976e+00   4.2789755e-01   4.4592425e-01   2.2636504e-01   5.7814961e-01   7.3046741e-01   5.2119976e-01  -8.9624624e-02  -1.0578490e-01  -7.2220125e-01  -6.2426865e-02   3.0191871e-01   6.9779412e-01   3.4973843e-01   4.8136181e-02   8.4397785e-01
  -6.3505482e-01  -3.1754118e-02  -5.9226744e-01  -1.1102130e+00  -7.2508339e-01  -1.3015753e+00  -1.7733030e+00  -2.1239411e+00  -2.4882275e+00  -2.8039062e+00  -2.4012536e+00  -1.9907844e+00  -1.3393120e+00  -1.1902452e+00  -8.9501982e-01  -1.9348731e+00  -1.6727053e+00  -1.2092458e+00  -8.1920695e-01  -1.1923926e+00
   1.1078420e+00   1.4093245e+00   1.8418665e+00   1.7492806e+00   8.7481878e-01   8.0504661e-01   8.0422501e-01   1.2557323e+00   1.8734830e+00   1.5245628e+00   1.4293584e+00   8.5093690e-01   8.3182404e-01   1.6751020e+00   1.0328491e+00   8.3062960e-01   4.5164937e-01   3.5855561e-01  -3.0418875e-01   3.3232029e-01
  -1.5915972e+00  -1.5716905e+00  -1.7654318e+00  -1.7726120e+00  -2.3503891e+00  -2.0359041e+00  -1.0134638e+00  -6.9866480e-01  -1.1573069e+00  -1.2327042e+00  -1.1152819e+00  -1.5401372e+00  -6.4149504e-01  -8.8171912e-01  -9.0609237e-01  -1.3236513e+00  -2.0065216e+00  -1.5149682e+00  -5.1235351e-01  -1.6596984e-01
  -1.9681218e+00  -2.5734916e+00  -2.0480681e+00  -2.1513318e+00  -2.4834564e+00  -2.1446748e+00  -1.6011958e+00  -1.4574756e+00  -1.6393608e+00  -1.4356554e+00  -1.3076795e+00  -1.3321459e+00  -1.7102542e+00  -1.7728626e+00  -1.1706859e+00  -5.9679073e-01  -4.7007421e-01  -2.7098484e-01   1.0368108e-01   8.2107887e-02
   8.6043108e-01   1.4982094e+00   9.0148066e-01   7.0400103e-01   1.0795488e+00   1.0835530e+00   1.3892012e+00   2.1213780e+00   2.2840841e+00   1.7754857e+00   1.8476610e+00   1.7933893e+00   1.7498253e+00   1.1552154e+00   8.1663861e-01   9.6080933e-01   1.0554158e+00   9.3274305e-01   9.8817887e-01   6.2120037e-01
  -2.8248599e-01  -7.7773335e-01  -8.8534574e-01  -4.5006949e-01  -8.2953575e-01  -1.0140486e+00  -9.2432355e-01  -7.2916353e-01  -1.8664263e-01   6.4309770e-01   5.2833769e-01   6.2094933e-01   1.1786532e+00   1.3796172e+00   1.0224008e+00   5.1862691e-01   2.9983903e-01  -2.9479039e-01  -1.5278420e-01  -8.1662113e-01
  -2.8526036e-01  -6.8368916e-01  -8.2424958e-01  -2.3405327e-01  -6.9635222e-01  -6.2186492e-01  -1.3072472e+00  -6.8367623e-01   1.1109718e-01  -4.0275600e-01  -1.2865508e+00  -1.3708795e+00  -1.0034318e+00  -1.8227297e+00  -1.9268854e+00  -1.0642754e+00  -4.9897391e-01   2.3359078e-01   1.0593500e-01   1.8215458e-01
   9.1343802e-01   5.8456433e-01   1.2551970e-01   7.9397813e-01   1.4153584e+00   7.9993075e-01  -2.9773884e-01  -4.9011772e-01  -2.6266671e-01  -4.9420406e-02  -1.1424180e-01  -9.3288848e-01  -7.5953753e-01  -8.6165043e-01  -1.4308652e+00  -1.6419338e+00  -1.3629537e+00  -1.2298674e+00  -1.0962018e+00  -1.4807907e+00
  -1.6238443e+00  -2.4288785e+00  -1.9564815e+00  -1.4050330e+00  -1.3351479e+00  -1.5123521e+00  -1.0621498e+00  -1.1412605e+00  -1.1571441e+00  -7.2271318e-01  -8.9610742e-01  -6.0272377e-01  -3.9563938e-01  -5.1474251e-01  -3.3881244e-01   4.5972662e-01   8.9018933e-01   8.0059090e-01  -4.4334269e-02  -7.4733957e-01
  -5.2128873e-02   7.7455704e-01   7.6705382e-01   1.1085929e+00   1.3629012e+00   1.5472927e+00   9.6376710e-01   5.7985442e-01  -6.3256058e-02  -2.7259159e-01   5.7788805e-02   3.4728479e-01   1.0262321e+00   8.8937725e-01   1.1000146e+00   9.4772005e-01   1.7500303e+00   1.7618296e+00   2.2031618e+00   1.9771797e+00
  -5.4289861e-01  -5.6136119e-01  -5.2609464e-01   3.6975953e-01   6.0027677e-01   3.8226339e-01   5.3586917e-01  -2.3991991e-01  -1.9118285e-01  -1.2399512e-02  -2.4054218e-01   2.0359946e-01  -5.0995570e-01  -1.3764408e+00  -8.7288651e-01  -8.7533637e-01  -1.1361298e+00  -1.2259979e+00  -7.8487860e-01  -3.7118633e-01
   4.6641761e-01  -6.0232819e-01  -6.8058751e-01  -9.4346684e-01  -5.1880970e-01  -4.0620916e-01  -3.6180615e-02  -2.7219158e-01   4.9020143e-02   9.7107133e-02  -6.9201198e-01   1.0789056e-01   1.7019874e-01   3.5002777e-01   8.8844113e-01   4.1779375e-01   1.5933066e-01  -9.0514853e-02  -3.1045893e-01  -5.1504658e-01
   1.2013762e+00   9.5383248e-01   8.1339729e-01   1.0119591e+00   1.3183781e+00   1.0613676e+00   1.2147933e+00   7.7786796e-01   8.6509262e-01   5.0334826e-02  -2.2782557e-01   2.3336715e-01   4.6405400e-01   2.1845438e-01  -1.2366074e-01  -2.4671000e-01  -3.7240051e-01  -4.3262165e-01  -1.4028822e+00  -1.0959823e+00
   1.6438336e-01   1.8905747e-01   5.7163265e-01   9.1610249e-01   1.0099490e+00   3.9335772e-01   8.0455715e-01   6.3325799e-01   1.3960535e+00   1.2005405e+00   1.0904413e+00   1.7330704e+00   1.9025331e+00   2.4723660e+00   2.4187969e+00   2.2604211e+00   1.6965883e+00   8.3842539e-01   5.6658406e-01   5.8303970e-01
  -1.1959274e+00  -6.2550539e-01  -6.2701011e-01  -7.9041378e-01  -1.0179977e+00  -1.1976752e+00  -5.5256650e-01  -6.8902167e-01   4.1237939e-01   1.2681765e+00   1.8851559e+00   7.7897175e-01   1.2408127e+00   1.4580548e+00   1.1343622e+00   9.2123701e-01   1.1901134e+00   1.1048300e+00   1.0174343e+00   1.8945131e+00
  -1.0939648e+00  -2.0889127e+00  -1.4006794e+00  -1.2477617e+00  -6.8900001e-01  -4.1876441e-01  -5.0202004e-01   8.3190148e-02   2.5990870e-01  -2.0507260e-01  -6.0338393e-02  -9.2439504e-01  -2.2060626e+00  -1.5725242e+00  -1.4259423e+00  -8.6983036e-01  -1.0644139e+00  -6.1222288e-01  -2.6118144e-01   2.7665045e-01
  -5.1386004e-01   7.3262016e-02   2.9070202e-01  -2.5191429e-01  -4.9071166e-02  -6.5925248e-02   3.2006545e-01   1.2622416e-02   5.2152930e-01  -1.5304425e-01  -1.9441791e-02  -6.3141862e-01  -1.1085276e-01  -6.8311157e-02  -4.3210290e-01  -3.4766131e-01  -1.3218662e-01  -4.7054954e-02  -2.8205964e-01  -7.6771466e-01
   7.2869024e-01   1.1391664e+00   1.5279472e+00   1.7820839e+00   1.4463996e+00   1.4501630e+00   2.1234215e+00   1.6110101e+00   1.8187711e+00   1.6867651e+00   1.8002471e+00   9.8445814e-01   9.4471154e-01   9.2602497e-01   9.6942442e-01   3.8627059e-01   1.9334726e-01  -2.2914592e-01  -1.2171030e-03  -5.7831726e-02
   1.9343887e-01   4.4882147e-01  -3.3331214e-01  -5.1434635e-01  -6.6774756e-01  -8.4586096e-01  -2.0600424e+00  -1.1176266e+00  -1.1000129e+00  -1.2188607e+00  -4.9565637e-01  -1.2952362e-01  -5.4721246e-01  -1.0802632e-01   3.1174045e-01  -1.9917519e-01  -4.5627319e-01   4.2910448e-03   1.1942694e-01  -2.1622616e-02
  -3.9347257e-01   3.9356213e-02  -1.9883034e-01  -1.2748286e+00  -1.0090359e+00  -5.6546690e-01  -1.0534178e+00  -1.0729727e+00  -1.9476316e+00  -1.0018994e+00   6.8997629e-02   7.4523468e-01   1.5116751e+00   1.3689449e+00   1.4242804e+00   1.1460120e+00   8.5686030e-01   2.2511366e-01   5.2040168e-01   1.6911723e-01
  -1.1122749e+00  -2.7105919e-01   3.4192944e-01   8.0366324e-01   4.2878667e-01   3.4882637e-01   7.8164149e-01   7.5845707e-01   5.1910446e-01   2.6024244e-01   6.6415607e-02  -2.2181656e-01  -5.2248073e-02   9.3752002e-01   1.0990282e+00   1.0676787e+00   1.0215786e+00   1.5613322e+00   1.5541164e+00   1.4670910e+00
  -1.4479243e-02   2.7202940e-01  -1.0372617e-01   3.4154119e-01   7.2764009e-01   6.1762731e-01   3.6726401e-01   9.5532951e-01  -6.6579803e-02  -7.4502427e-01  -1.4681598e+00  -1.2834602e+00  -8.5916031e-01  -5.1850153e-01  -2.4746688e-02   1.4301839e-01   3.7867549e-01   4.6264799e-01   2.3475804e-01   4.1917599e-01
   3.1908697e-01  -3.4482313e-01  -3.8843879e-02  -2.5092227e-01  -6.6956481e-01  -8.0001547e-01  -1.1855169e+00  -1.1937484e+00  -1.3100512e+00  -9.9693942e-01  -9.3334670e-01  -4.8385715e-01  -6.4490904e-02   1.3893652e-01  -2.8144919e-03  -8.7044996e-02   1.4938406e-01  -4.1024945e-01  -4.2047317e-01   9.9028772e-01
  -2.7907890e-01   3.6003387e-02   6.0765251e-01   3.9944325e-01   3.8760406e-01   8.3010038e-01   9.3148251e-01   1.5107145e+00   1.5914103e+00   1.2124768e+00   9.9791621e-01   8.0851443e-01   5.9106598e-02   3.9818794e-01   7.1953335e-01   4.9999664e-01   5.4742877e-01   2.3553892e-01  -4.0427772e-01  -2.1987167e-01
  -4.7981234e-01  -4.9201192e-01  -1.0615262e+00  -1.7414723e+00  -2.0189510e+00  -2.1758132e+00  -1.8758961e+00  -1.7704221e+00  -1.6842171e+00  -2.4060707e+00  -2.3296442e+00  -2.2657249e+00  -2.6953434e+00  -2.6674287e+00  -2.5915764e+00  -2.4998276e+00  -2.2821235e+00  -1.8273612e+00  -1.0982533e+00  -1.4197849e+00
  -1.3703528e+00  -1.1910807e+00  -8.4688229e-01  -2.1428755e-01  -7.9969936e-01  -5.5033495e-03   9.9741004e-01   1.2708510e+00   1.7374297e+00   1.8261508e+00   8.6959653e-01   2.6000774e-01   6.0865808e-01   3.7515799e-01   3.9067383e-01   1.1347992e+00   1.0502955e+00   1.3466278e+00   5.9948347e-01   3.7462906e-01
   2.1488603e-01  -8.6865949e-03  -4.9107337e-01  -1.4833219e-01  -3.1827514e-01  -4.0106129e-02  -2.2471479e-01  -8.2798447e-01  -2.0823153e+00  -1.9098177e+00  -2.3668907e+00  -1.9440596e+00  -1.4127669e+00  -4.1524657e-01  -3.7788584e-01  -2.0261677e-01  -3.9935697e-01  -6.0164978e-01  -9.0137216e-01  -4.4689114e-01
  -4.0624146e-01  -4.5199835e-01  -1.1073688e+00  -1.1303459e+00  -2.2023353e-01  -3.6642226e-01  -1.0610856e-01  -1.0254916e-01   2.9628039e-01   2.6669867e-01   7.8636175e-02   2.7752660e-01   5.0771076e-01   7.0423866e-01   4.3620199e-01   3.8141163e-01   2.4288322e-01   1.7647150e-01  -2.6963764e-01  -7.3891428e-01
  -6.3173725e-01  -5.5209187e-01  -2.7057810e-01  -9.4495756e-01  -7.9018397e-01  -8.1965262e-01  -1.4730675e+00  -9.7782487e-01  -1.5192507e+00  -1.8113648e+00  -2.0766812e+00  -2.5994678e+00  -2.4770412e+00  -2.3760009e+00  -1.6393858e+00  -1.4513140e+00  -1.2220123e+00  -1.8414580e+00  -2.3691563e+00  -2.2117642e+00
   1.6361129e+00   7.8974939e-01   4.1260117e-01  -1.3328645e-01   1.4279399e-01   6.4014711e-02  -2.4223730e-01  -5.1729552e-01   4.8115293e-01   7.6147556e-01   1.3447069e+00   8.8742062e-01   1.0460441e+00   8.6474335e-01   4.4730390e-01  -1.4868462e-04   1.8806165e-01  -1.5194188e-02  -2.4899634e-01   1.1797385e-01
   1.8118262e+00   2.1550040e+00   1.3660332e+00   1.8905930e+00   2.4619290e+00   2.4147853e+00   1.7176957e+00   1.0484082e+00   9.5462160e-01   8.2244318e-01   1.3772595e+00   1.3970903e+00   1.3054847e+00   1.3360735e+00   1.0110117e+00   2.9472103e-01   3.2510183e-02   3.0415970e-01  -1.4274750e-01  -1.9453038e-01
   8.4765089e-01   1.4530809e-01  -1.5723824e-01  -1.9320316e-01  -4.7225481e-01  -8.8613942e-02   5.0566959e-01   5.3051500e-01   4.8322721e-01   7.5653519e-01   1.3141122e+00   1.1319198e+00   1.3426010e+00   1.1121030e+00   1.0079291e+00   7.5557942e-01   3.7154542e-02  -1.1370018e-01   4.0818950e-01   6.6130284e-01
  -1.5397183e+00  -1.1005122e+00  -3.4497255e-01   2.1252871e-02  -4.3175699e-01  -5.0419881e-01  -4.0401727e-01  -3.0198476e-01   3.1946501e-01  -2.1475915e-01   1.5992306e-01   7.3107651e-02   3.7557131e-02  -3.3089714e-01   7.3792245e-02   3.5037792e-01   7.8198142e-01   9.6946854e-01   9.2307936e-01   5.1601081e-01
  -1.2768774e-01   4.3201119e-01  -2.1714908e-02   3.5989943e-01   1.2624722e-01   5.6029475e-01   2.9114938e-01  -4.2568364e-01  -9.2090484e-01   4.1622183e-02   4.8766187e-01   6.1209085e-01   1.0560627e+00   5.0717598e-01   4.6661978e-02  -2.2989921e-01   2.8655049e-01  -2.9573452e-02  -4.4462269e-01  -5.4165114e-01
   5.2651518e-01   7.5943305e-01   1.1073832e+00   7.1981021e-01   7.2895626e-01   1.5420247e+00   9.3888624e-01   2.5089623e-01  -4.3432474e-01  -5.8672620e-01   8.4912273e-02  -1.2503514e-01  -3.4924760e-01  -3.1007946e-01  -3.7377611e-01  -2.9030800e-01   7.5101788e-02  -4.3468492e-02   3.3179733e-01  -3.9430859e-01
   6.0328510e-01   1.8764151e-01   6.6216202e-01   4.0264181e-01   2.8140885e-01   2.0502732e-01   4.8081338e-01   9.1282898e-01   1.1665131e+00   1.0765046e+00   2.2923147e-01   3.0353837e-01  -2.6857401e-01  -2.4506326e-01  -3.1501037e-01  -3.5498930e-01  -4.3030423e-01  -1.8663099e-01  -6.6726083e-01  -5.1531764e-01
   9.7781644e-01   1.1249619e+00   5.8143988e-01   5.9391966e-01   4.4639704e-01   6.5789585e-01  -1.8451228e-01   8.6585442e-02   1.1548092e+00   6.9981112e-01   1.5834676e+00   1.2652666e+00   1.2560514e+00   1.0379598e+00   1.1497861e+00   1.4948254e+00   1.1498470e+00   1.7407485e+00   1.6900811e+00   1.9759514e+00
   4.6965383e-01   3.8061237e-01   5.4654514e-02   3.0268119e-01   5.3311258e-01   2.1670950e-01   6.7818567e-01   6.4105307e-01   9.8780659e-01  -2.4214689e-01  -3.2901576e-01  -1.5736270e-01  -7.0407982e-01   1.1926815e-01   6.1520610e-01   9.6058755e-01   1.3736990e+00   1.7414945e+00   1.7005831e+00   1.6482582e+00
   1.4822403e-01  -2.2857280e-01  -1.3158249e+00  -2.2153213e+00  -1.0910299e+00  -6.5789676e-01  -4.8732797e-01  -2.3098615e-01   3.5400185e-02   1.1989130e+00   7.4710091e-01   9.4391254e-01   6.3250760e-01  -6.4014781e-02   8.0825162e-01   1.4263357e+00   6.6323642e-01   1.1269637e+00   6.4098067e-02   5.5230199e-01
  -1.8766356e-01  -1.4082297e+00  -1.4647686e+00  -1.6005305e+00  -1.6760161e+00  -2.0588901e+00  -1.8772146e+00  -1.3579014e+00  -1.0006529e+00  -8.6867703e-01  -7.9124980e-01  -6.5117422e-01  -3.4683495e-01  -3.2435171e-01   8.9733370e-02   5.8054468e-02  -1.7285672e-01  -9.1632695e-02  -1.5820361e-01  -3.9129617e-01
  -1.7979732e+00  -1.8961324e+00  -1.3313866e+00  -1.1895434e+00  -1.2895534e+00  -1.6609521e+00  -2.0863834e+00  -1.7015362e+00  -1.6638482e+00  -1.9484792e+00  -1.7049431e+00  -1.1420766e+00  -1.4017368e+00  -1.1548695e+00  -5.1042182e-01  -4.9237264e-01  -2.6847901e-01  -4.5917603e-01   3.4119795e-02   3.9034453e-02
  -8.2788617e-01  -1.8826318e-01  -7.9408170e-02  -4.9560460e-01  -1.0333137e-01  -3.1223353e-01  -1.3000993e+00  -6.5533152e-01  -6.6713594e-01  -6.1016137e-01  -7.2954293e-01  -1.6722855e+00  -1.0863993e+00  -8.5897879e-01  -1.0907255e+00  -1.0400714e+00  -8.6011166e-01  -1.4924635e+00  -1.4269472e+00  -8.8056097e-01
   8.8472046e-01   7.0618787e-01   3.6020187e-01   2.6560295e-01  -1.3567398e-01   4.8297439e-01   5.5095140e-01   7.0523811e-01   7.1397917e-01   4.6610897e-01   5.5334897e-01   8.8313017e-01   5.2028109e-01   4.2517498e-01   6.4714852e-01   9.7839164e-01   9.9866473e-01   1.3036722e+00   7.1184993e-01  -8.9581479e-02
   1.0139368e+00   1.0868653e+00   6.9442543e-01   1.0688559e+00   1.4221501e+00   1.2947825e+00   2.3551770e-01  -6.9244419e-01   4.2003560e-01   5.2232315e-01  -2.1983413e-01   5.6720784e-02  -1.0748353e-01   4.6016706e-01   2.3369526e-01  -3.3222484e-01   3.3430239e-01  -1.0346147e+00  -6.4155958e-01  -5.1071178e-01
  -7.2367963e-01  -9.4769461e-01  -3.8534274e-01   5.9093748e-01   8.2763775e-01   8.8942698e-01   7.8729593e-01   5.3944322e-01  -2.6221383e-01  -5.7923258e-01  -6.2574771e-01  -4.8000879e-01  -7.2355806e-01  -4.6695228e-01  -2.7729945e-03   1.3499227e+00   7.5139245e-01   6.5956913e-01   4.1643173e-02  -5.4528430e-01
  -1.1617923e+00  -9.6020373e-01  -1.4451872e+00  -1.1093054e+00  -1.4399989e+00  -9.6913304e-01  -8.9913901e-01  -5.5807986e-01  -3.2400956e-01  -5.7526385e-01  -2.9819112e-02  -1.9796435e-01  -7.1115028e-01  -1.9762830e-01  -4.5102608e-01  -4.6613154e-01   6.7214287e-03  -5.6169910e-01  -1.0740666e+00  -5.0610251e-01
   2.0276694e-01   1.2617929e-01  -6.2968107e-02  -7.8026665e-02  -3.9826316e-02   4.4539334e-02   5.1045513e-02  -2.2257855e-01  -5.8792192e-02  -3.3506588e-01  -4.5915064e-01   4.2085610e-02  -3.2657262e-01  -5.1482580e-02  -1.4606367e-01   1.3371398e-01  -6.7210728e-02  -6.0625313e-01  -8.6784223e-01  -6.8527706e-01
   2.0902438e-01   3.8651057e-01   5.8401869e-02   5.0521011e-01   1.8834911e-01   1.1147657e-01   1.1974085e-01  -3.6861028e-01  -7.9872838e-01  -1.1952130e+00  -9.5951224e-01   3.7730587e-01   1.8079294e-01   5.3030123e-01   4.9531865e-01   5.5393610e-02  -2.4830602e-01  -2.9666375e-01  -3.9964605e-01  -4.9029407e-01
   5.2590032e-01   3.3243208e-01  -1.0693338e-01  -8.4310504e-01  -6.3915738e-01  -6.3056351e-01  -8.5723024e-01  -1.6699421e-01  -6.6671351e-03  -4.1814716e-01  -6.4430231e-01  -4.2038023e-01  -9.5040893e-01  -2.8616651e-01  -1.0753499e-01   1.7952100e-01   2.8665187e-01   2.8818436e-01   1.0134785e+00   6.2698997e-01
   1.0519679e+00   1.8041403e-01  -2.4423761e-01  -1.2023728e-01   7.2851558e-02  -1.5599419e-01  -2.0971250e-01   1.7559151e-01   2.4904230e-01   1.7448990e-01  -1.4542122e-01   3.6519648e-01   1.2917081e+00   1.2550257e+00   4.9700386e-01   1.5388277e+00   1.2765775e+00   1.9149113e+00   1.8733223e+00   1.6043041e+00
   4.4675182e-01   1.1245754e+00   7.0700471e-01   1.1198729e+00   4.1871370e-01   7.3538213e-01   5.5583746e-01   2.7703087e-01  -8.8300998e-02   3.9038909e-01   2.3153663e-01   1.8427845e-02   1.0749404e+00   1.0242750e+00   9.2580448e-01   1.3100284e+00   1.1193118e+00   1.8263831e+00   1.7573817e+00   1.8610977e+00
   1.0604310e+00   9.8594867e-01   4.7698760e-01   3.3219857e-01   9.1747686e-01   1.6138984e+00   1.7944627e+00   1.1466189e+00   1.0071852e+00   1.1701641e-01   7.9592741e-01  -9.2433625e-02  -4.4282211e-01  -2.2887994e-01  -5.5123979e-01  -5.5300317e-01  -9.8866306e-01  -5.2998723e-01  -2.8053138e-01   8.3997180e-01
  -1.0452355e-01   5.8665289e-01   5.2453754e-01   6.5330762e-01   1.4654012e+00   1.0017322e+00   6.7813352e-01   1.3907675e+00   6.9329533e-01   9.2265859e-01   7.9579531e-01   8.7039080e-01   7.8419956e-01   8.2830737e-01   1.1472064e+00   8.8388843e-01   5.0932984e-01   4.2218074e-01   7.4254908e-01   4.2002264e-02
   8.9289822e-01   1.5205994e+00   1.5626754e+00   9.3070568e-01   5.9968767e-02  -3.4686338e-01  -8.1442603e-01  -4.4535015e-01  -7.6490857e-01   3.8711976e-02   3.8222067e-01   1.6376368e-01  -1.2141609e-01  -3.0585664e-01   5.7827184e-02  -5.9609084e-01  -1.0230673e+00  -1.1694692e+00  -1.6550506e+00  -1.3096340e+00
  -1.0286118e-01  -6.4719278e-01  -3.1303148e-01  -4.9133563e-01  -6.2710250e-01  -3.2975876e-01  -8.5550232e-01  -8.5866465e-01  -6.6369462e-01  -8.6286097e-01  -9.9707334e-01  -7.8487551e-01  -1.1867262e+00  -1.4995301e+00  -2.3156645e+00  -2.1268063e+00  -2.0337148e+00  -1.6930618e+00  -1.7945780e+00  -1.5777912e+00
  -1.5583001e-01  -2.1424308e-01  -7.1783003e-01  -4.2227120e-01  -5.0525030e-01  -1.2520844e+00  -1.7245959e+00  -2.1187032e+00  -1.6735487e+00  -1.2800053e+00  -1.1838356e+00  -1.0898003e+00  -1.8039027e+00  -1.7767675e+00  -2.0383977e+00  -1.7344537e+00  -1.1902410e+00  -9.9145647e-01  -9.5980010e-01   1.1799500e-01
  -1.9103808e+00  -1.7231793e+00  -1.7031797e+00  -1.9797365e+00  -1.3664519e+00  -3.0396132e-01   1.6757521e-01   5.5024361e-01   2.9613583e-02  -6.3090057e-02  -6.5001604e-01  -1.1663793e+00  -5.3851739e-01  -8.8736899e-01   1.6715682e-01   1.4164024e-01   4.7886925e-01  -2.9968270e-01  -5.4632670e-01  -1.6510321e-01
  -8.7181933e-01  -5.1202445e-01  -4.3887411e-01  -9.1089801e-01  -1.3384181e-01  -5.7439001e-01  -8.2415161e-01  -1.3818078e-02  -8.6423602e-01  -1.9213486e+00  -1.5988678e+00  -1.3700555e+00  -1.1032680e+00  -1.6580499e+00  -1.0162662e+00  -5.1054997e-01  -5.3636182e-01  -4.9382614e-01  -2.5308745e-01  -6.4513801e-01
   1.0533277e+00   1.0216837e+00   4.4488349e-01   4.3400549e-02  -3.7253250e-01  -7.0277608e-01  -8.3555363e-01  -9.7814087e-01  -1.1487989e+00  -8.8923666e-01  -2.1358732e-01  -4.1506651e-02  -9.5608038e-02   4.4292215e-01   4.1554431e-01   2.2922154e-01  -2.7951532e-01  -1.6620377e-01  -2.8262704e-01   7.6944257e-02
   3.4453025e-01   5.1114754e-01   5.1212740e-01  -4.0756099e-01  -3.8068963e-02  -2.8575526e-01  -5.5242951e-01  -3.9460449e-01  -7.8297569e-01  -1.1295293e+00  -1.2883987e+00  -1.3525945e+00  -1.1292505e+00  -7.3286859e-01  -1.3477080e+00  -1.6658139e+00  -1.5324097e+00  -2.1862558e+00  -1.8647472e+00  -2.1317467e+00
   2.5596594e-01   7.9615787e-01   3.4018343e-01   3.1464607e-01  -2.3476678e-01  -7.5558891e-01  -8.9839251e-01  -5.0869557e-01  -2.3128471e-01  -5.1793437e-01   2.7530731e-02   2.5196943e-01  -4.0117471e-01  -9.9144616e-01  -1.2268953e+00  -1.1904836e+00  -9.7334996e-01  -8.2308236e-01  -6.9227560e-01  -2.5267488e-01
   8.2342773e-01   6.8472472e-01   4.0771392e-01   5.6645285e-02   2.0682990e-02   5.7244705e-02  -2.9930348e-01  -1.3013043e+00  -8.3422705e-01  -1.3118505e+00  -1.2439260e+00  -8.6810773e-01  -1.3685426e+00  -1.1025589e+00  -1.0200377e+00  -7.7280009e-01  -8.1478402e-01  -1.0007513e+00  -7.0444673e-01  -1.4142817e+00
  -5.4021974e-01  -3.0080674e-01  -5.1085325e-01  -4.1252011e-01  -1.8686682e-01  -6.5629124e-01  -1.8345008e-01   4.3090600e-02  -7.9025354e-02  -4.4243768e-02   5.0024821e-01  -4.4009057e-01  -5.5007375e-01  -5.9750562e-01   1.3155104e-01  -1.0712221e+00  -1.1546632e+00  -1.6407790e+00  -1.7192956e+00  -1.7281729e+00
  -1.3814797e+00  -9.4270805e-01  -1.1424201e+00  -1.2371175e+00  -9.4439729e-01  -1.7169693e-01  -3.4259645e-01  -2.3350270e-01  -8.2085052e-01  -4.7712228e-01  -6.0951424e-01  -7.0750914e-01  -2.6070773e-01  -1.0929113e-01  -3.4472433e-01   2.9818311e-02   3.4220252e-02  -5.0101676e-02  -4.0230319e-01  -3.4698716e-01
   1.0630725e+00   6.4297640e-01   5.6739735e-01   1.0962958e+00   1.2068654e+00   9.6891425e-01   1.2649082e+00   9.8225547e-01   7.5753390e-01   2.1022985e-01   5.9061020e-01  -1.7641966e-01  -5.4795331e-01   1.2336411e-01   3.0975949e-01  -5.0614339e-03   8.3652500e-01   8.3656186e-01  -1.1555973e-01   3.6520741e-01
   4.1095449e-01   3.8075743e-01   3.4463618e-01   1.8616937e-01   1.6134516e-01   2.4391222e-01  -3.2096644e-03   8.3810248e-01   7.4516041e-01   5.7091515e-01   9.3052140e-02   3.4907671e-01   2.1862411e-01  -2.8274689e-01  -8.0825430e-01  -9.6334017e-01  -6.3382001e-01  -1.2344805e-01   8.4828224e-01   2.0172260e-01
  -1.3795975e+00  -1.7608169e+00  -1.6936838e+00  -1.8448920e+00  -1.6145091e+00  -1.9220063e+00  -1.8455964e+00  -1.4451412e+00  -1.3118919e+00  -1.4064483e+00  -1.5903377e+00  -1.2184948e+00  -1.2657203e+00  -1.5300572e+00  -9.9269249e-01  -8.6580481e-01  -6.4786985e-01  -5.6853501e-01  -4.4015212e-01  -2.3521743e-01
  -1.5431863e+00  -2.3000031e+00  -2.2144598e+00  -1.8351526e+00  -1.2732372e+00  -1.3120287e+00  -8.9396341e-01  -6.6417762e-02  -1.4997826e-01   1.7594526e-01   7.0447999e-02  -1.6411109e-01  -8.3399303e-01  -1.0900828e+00  -1.4349405e+00  -1.3551248e+00  -9.7333425e-01   2.4114970e-01  -9.9011871e-02  -3.1167639e-02
  -6.5562720e-02   1.1836628e-01  -5.7746034e-01  -7.1175837e-01  -3.2918928e-01  -4.7714509e-01   2.8550722e-01   1.0463756e+00   5.7024803e-01   7.3056147e-01   1.0498441e+00   4.7616279e-01   5.4364989e-01   1.1572224e+00   1.0058614e+00   5.3952050e-01   1.2338172e+00   1.4221063e+00   7.8782955e-01   1.2730364e+00
  -1.0061484e+00  -5.9259561e-01  -2.5874056e-01  -3.9594175e-01   2.2137153e-02  -5.0996785e-01  -3.3112458e-02  -2.4554673e-02   1.2834325e+00   1.0317989e+00   9.5790536e-01   1.4680102e+00   1.7054162e+00   2.0270505e+00   1.8494031e+00   1.5178053e+00   1.3176625e+00   1.3168612e+00   5.6533555e-01  -8.0133772e-02
   6.6017735e-01   9.2466237e-01   8.9624501e-01   2.8574155e-01  -2.5663352e-01  -2.8904479e-01   3.4678311e-01  -2.7890547e-01  -2.0726274e-01  -7.0624145e-02  -2.6070898e-01  -7.3821357e-01  -5.4050371e-01  -8.0970414e-01  -7.7479670e-01  -1.1317013e-01   2.5127912e-01   9.7648346e-01   1.0649164e+00   8.7434056e-01
   6.2685377e-01   1.0148543e+00   1.0494327e+00   1.5558896e-01  -5.6678485e-01  -4.0915023e-01  -4.0188605e-01   9.9041126e-02   2.9338229e-01  -7.4341039e-03   5.5329768e-02  -1.1539016e-01  -3.6523050e-01  -4.0453984e-01  -7.5706538e-01  -4.2923407e-01  -3.8042125e-01  -8.8775363e-01  -7.7415556e-01  -9.5135424e-01
  -1.0877761e+00  -1.0284802e+00  -1.2682234e+00  -1.3176203e+00  -9.3668261e-01  -9.4528618e-01  -1.1508549e+00  -9.8757827e-01  -8.7021759e-01  -6.2285700e-01  -1.2505964e+00  -6.8819668e-01  -7.2802920e-01  -6.5852122e-01  -1.2746761e+00  -1.2092380e+00   2.7163624e-01  -2.7990363e-01  -4.3236318e-01  -7.4327958e-01
  -1.9748724e-01  -1.5836368e-01  -1.6812091e-01   2.1760649e-01   3.4033240e-01   5.0852044e-01   5.7182447e-01   5.2559037e-01   1.0693722e+00   5.5633149e-01   4.5817815e-01   1.9691831e-01   6.3294590e-01   6.3921449e-01   7.8876400e-01   8.7095848e-01   7.6982159e-01   1.2543462e+00   1.0085973e+00   8.5250490e-01
