1,-1.7927795e-01,-4.8746416e-01,-5.9800424e-01,-8.7681171e-01,-1.0160387e+00,-8.7761944e-01,-1.0011248e+00,-1.3929645e+00,-3.6909388e-01,-2.8501629e-01,6.9048419e-03,2.1945862e-01,9.7262433e-01,5.9704598e-01,8.8730502e-01,9.5154176e-01,1.1730941e+00,1.3071662e+00,2.1618606e+00,1.8974544e+00
1,-4.4709270e-01,-5.9015243e-01,-3.1392760e-01,-8.8674956e-01,-9.7061735e-01,-1.8271423e-01,1.5695751e-01,5.6217724e-01,7.7654118e-01,8.1418404e-01,5.6287702e-01,1.2161827e+00,8.3254420e-01,6.2633766e-01,4.2778479e-01,3.4191223e-01,2.1976133e-01,-9.3132539e-02,1.6939450e-01,9.8534984e-01
1,-4.1269405e-01,-3.9460116e-01,2.8806728e-01,5.6287321e-01,1.7859600e-01,6.5848549e-01,1.1669831e+00,4.5669736e-01,1.7155085e-01,8.5097188e-01,7.4552632e-01,6.5867395e-01,5.6896023e-01,2.5781632e-01,-2.3719868e-01,-8.8993383e-01,-8.8955604e-01,-8.7883292e-01,-6.5688259e-01,-6.9393926e-01
1,1.6274537e+00,1.1426990e+00,1.4310605e+00,1.0937256e+00,6.2450543e-01,-2.7436254e-02,2.4156876e-01,3.5644779e-01,1.2055031e+00,3.7587845e-01,7.1521749e-01,5.2414346e-01,-6.5825262e-02,-1.1991773e+00,-9.3217946e-01,-7.9967657e-01,-6.3622204e-01,-4.9168027e-01,-1.1527292e+00,-1.3715798e+00
1,-5.9181326e-02,1.1560709e+00,1.1798480e+00,1.0588554e+00,4.9522583e-01,3.7511101e-01,7.9976150e-01,6.4186107e-01,7.4909691e-01,6.3626319e-01,5.8655768e-01,7.9396472e-01,1.0273805e+00,7.5837284e-01,1.0750915e+00,9.5402680e-01,4.2553062e-01,1.3608380e-01,4.3769163e-01,5.1725154e-01
1,-8.0585883e-01,-1.7583334e-01,8.8099513e-01,6.2139682e-01,1.1161033e+00,4.6933624e-01,3.0426532e-01,2.7691599e-01,3.3107105e-01,-5.2681885e-03,-2.0563536e-01,-8.4742023e-04,-2.5849937e-01,-5.6445592e-02,-3.7070545e-01,1.4096318e-01,6.4478137e-01,9.4364337e-01,8.2456934e-01,1.1245073e+00
1,-7.8598557e-01,3.9092154e-01,1.0824791e+00,8.1447585e-01,8.1767519e-01,3.8350565e-01,5.5464367e-01,1.2079688e+00,8.9611421e-01,7.5600436e-01,7.3583356e-01,1.4294845e+00,8.4314416e-01,4.6548195e-01,5.1074157e-01,5.7981073e-01,4.5631089e-01,3.8351859e-01,8.6634492e-01,1.6010380e+00
1,9.0168635e-01,3.7250132e-01,-1.7995538e-01,-3.1771470e-01,-5.7798849e-01,-3.6452546e-01,-8.2988250e-01,-4.6279428e-01,-1.0456055e-01,-1.2684185e-01,-1.4138837e-03,-2.0207718e-01,-6.9213204e-01,-5.6273339e-01,-4.6963924e-01,-7.0902574e-01,-6.3048036e-01,-1.6824358e+00,-7.3830061e-01,-1.3047286e+00
1,9.1308961e-01,7.3751360e-01,1.1374482e+00,1.3631667e+00,9.6137631e-01,1.1279495e+00,7.1375403e-01,6.6951671e-01,-5.6307761e-01,-6.6343776e-01,-4.5260295e-01,4.3577320e-01,2.4198357e-01,4.9555503e-01,-4.0594160e-01,2.4117376e-02,3.4778775e-01,-8.0115108e-02,7.5449354e-01,8.6841119e-01
1,1.4921470e+00,1.2123356e+00,1.0582753e+00,9.4204905e-01,-2.2856633e-02,8.8523136e-02,-2.6596303e-01,2.1637778e-01,1.1198619e-01,4.2711370e-01,1.4106451e-01,1.5970555e-01,1.3915019e-01,3.2714392e-01,4.1709698e-02,-9.7305645e-01,-8.8597153e-02,-1.3310233e-01,4.4747431e-01,8.5468909e-01
1,1.8264422e-01,-1.6340058e-01,3.6369281e-02,1.7919856e-01,7.1564597e-01,7.4003086e-01,4.6021597e-01,5.3164255e-01,6.6491613e-01,2.9355345e-01,-1.4205190e-01,2.4682067e-01,6.2446597e-01,2.6343770e-02,-2.1488024e-01,1.0928186e-01,1.6488137e-01,5.7238239e-01,9.7574916e-01,7.2842417e-01
1,6.9287365e-01,-5.0023584e-01,-4.7288563e-01,-2.4987386e-01,-2.9156819e-01,9.2031692e-01,1.0963285e+00,1.0883844e+00,7.3005245e-01,2.4874754e-01,6.3756599e-01,5.4356169e-01,1.3498323e-01,-4.4802483e-01,-5.8683752e-02,3.1834116e-01,-6.2140911e-01,4.2179003e-02,7.8660800e-01,3.5591244e-01
1,-6.6005533e-01,-5.0781639e-01,-6.9331676e-01,-4.1661819e-01,-7.7686848e-01,-8.2228460e-01,-1.2995140e+00,-9.4851487e-01,-1.5043979e+00,-5.6412229e-01,-6.8319133e-01,-7.4021192e-01,-1.1614271e+00,-3.7889850e-01,-3.6637275e-01,-4.2868961e-01,1.8358643e-02,1.4192000e-01,6.7596550e-02,1.3217163e-01
1,2.6150599e-01,2.4160086e-01,-2.4797716e-01,2.8375117e-01,1.2440319e+00,1.5061534e+00,1.9974452e+00,1.6016544e+00,1.7242751e+00,2.1687900e+00,2.0610940e+00,1.4542744e+00,1.4786061e+00,6.4341231e-01,9.0544060e-01,1.7348845e-01,3.1968630e-01,4.8518079e-01,-8.1696940e-01,-8.4688514e-01
1,-4.5116739e-01,-2.2310189e-01,-1.1749483e+00,-1.7774982e+00,-1.2858791e+00,-1.0129415e+00,-5.2846086e-01,-4.1323662e-01,-8.7867733e-01,-2.8542650e-01,-1.0970163e+00,-1.7744669e+00,-1.8114204e+00,-1.4713949e+00,-1.3688158e+00,-1.2974740e+00,-3.7147102e-01,-2.3670152e-01,-4.7084902e-01,-4.1800820e-01
1,1.6179943e-01,6.3688125e-01,9.1177835e-01,1.3295043e+00,1.6530865e+00,2.3494624e+00,2.9529085e+00,2.3219622e+00,1.9365455e+00,2.8689216e+00,2.6272586e+00,2.5163921e+00,2.6983307e+00,2.1851449e+00,9.9686071e-01,1.3320960e-02,-8.0723437e-02,-7.9151759e-01,4.6662613e-01,-5.2543198e-02
1,-6.2525862e-02,6.9261233e-02,-5.9686536e-01,-1.3540349e+00,-1.3888626e+00,-1.5083734e+00,-1.3046636e+00,-2.0362332e+00,-1.7673128e+00,-7.5014643e-01,-3.1825583e-02,4.7690688e-02,1.6397160e-02,-7.6850687e-01,-9.8967364e-01,-1.3818613e+00,-1.0573683e+00,-5.5521157e-01,-9.8493125e-01,-1.2614130e+00
1,-8.8732232e-01,-1.2693846e-01,2.1751311e-01,-1.8648950e-01,-2.6808713e-01,5.9936894e-02,2.5101883e-01,-1.4033860e-01,-3.9668918e-01,-5.7129308e-01,-6.7363487e-01,1.1016855e-01,5.5533346e-01,9.4068316e-01,4.1612641e-01,1.1042954e+00,1.1225802e+00,1.4427364e+00,1.4172283e+00,1.4231438e+00
1,-4.7051864e-02,-2.6495608e-01,-3.1195989e-01,2.6752232e-01,-5.4517761e-02,-9.2637090e-01,-1.7390848e-01,-4.5169151e-01,6.8225056e-04,3.7697372e-01,3.0303506e-01,4.1117754e-01,6.0978429e-01,7.0209349e-02,-5.3300896e-02,-1.1327684e-01,-3.0937831e-01,-3.9180990e-02,6.4596053e-01,8.6210559e-01
1,-6.6959187e-01,-1.9025863e-01,-1.3087621e-01,-4.0918287e-01,-4.1134683e-01,-9.7801826e-01,-8.3071428e-01,-3.5574540e-01,-6.3332047e-01,-3.1056268e-01,8.3272195e-02,-2.3781388e-01,-4.5443177e-01,-7.7848041e-02,3.0087385e-01,1.2646838e-01,6.0582942e-01,5.8467671e-01,3.3477831e-01,2.4093285e-01
1,8.4390259e-01,9.3960517e-01,6.9927310e-01,4.5540781e-01,8.4556502e-01,3.6833196e-01,2.3455984e-01,4.1282809e-02,5.8904385e-01,5.2709584e-01,1.0423126e+00,1.1007424e+00,1.7966195e+00,2.2770847e+00,2.3271275e+00,2.4076791e+00,2.3064260e+00,2.5610578e+00,1.5002644e+00,1.4125000e+00
1,4.0869275e-01,2.5162143e-01,7.2437497e-01,3.5585989e-01,1.0778641e+00,8.2532006e-01,4.3461710e-01,8.2663307e-01,4.9996125e-01,1.0234235e+00,9.7461270e-01,1.5986244e+00,1.3998596e+00,1.0294582e+00,1.8762457e-01,5.4237331e-01,1.2999777e+00,9.3505789e-01,8.9098402e-01,7.8321131e-01
1,-5.6072844e-01,-9.1157905e-01,-3.0148214e-01,2.4587244e-01,5.0173709e-01,7.3364326e-01,4.5576931e-01,7.5762435e-01,5.5722341e-01,9.5956915e-01,1.4076333e+00,1.0948304e+00,8.6427212e-01,9.9269818e-01,5.5033202e-01,3.2632107e-01,-4.3280638e-01,-6.9159645e-01,-1.8321369e-01,-1.0630883e+00
1,-1.3763403e-01,-5.5698448e-02,2.8548597e-01,-1.9376687e-01,-2.9347841e-01,-2.6163785e-01,1.0402178e-01,-1.1052444e-01,-4.7178809e-01,6.1068577e-02,3.1153656e-02,-4.8835583e-01,-5.1187997e-01,-2.3904735e-01,1.8852344e-01,1.9552988e-01,4.6817955e-01,4.4508169e-01,6.7042225e-01,1.8309528e-01
1,1.0400783e+00,1.7916570e+00,1.5951970e+00,6.6878137e-01,1.0175331e-01,6.6965858e-01,6.2295654e-01,1.5917866e-01,-1.7437010e-01,-6.5348032e-01,-1.1686358e+00,-1.0005773e+00,-2.4820647e-01,-8.9085248e-01,-1.2978374e+00,-9.2152171e-01,-9.0272559e-01,-9.1409904e-01,-1.3765910e+00,-1.4612844e+00
1,3.5619948e-01,4.6823844e-01,7.9033089e-01,1.2593543e+00,1.0956976e+00,4.2789755e-01,4.4592425e-01,2.2636504e-01,5.7814961e-01,7.3046741e-01,5.2119976e-01,-8.9624624e-02,-1.0578490e-01,-7.2220125e-01,-6.2426865e-02,3.0191871e-01,6.9779412e-01,3.4973843e-01,4.8136181e-02,8.4397785e-01
1,-6.3505482e-01,-3.1754118e-02,-5.9226744e-01,-1.1102130e+00,-7.2508339e-01,-1.3015753e+00,-1.7733030e+00,-2.1239411e+00,-2.4882275e+00,-2.8039062e+00,-2.4012536e+00,-1.9907844e+00,-1.3393120e+00,-1.1902452e+00,-8.9501982e-01,-1.9348731e+00,-1.6727053e+00,-1.2092458e+00,-8.1920695e-01,-1.1923926e+00
1,1.1078420e+00,1.4093245e+00,1.8418665e+00,1.7492806e+00,8.7481878e-01,8.0504661e-01,8.0422501e-01,1.2557323e+00,1.8734830e+00,1.5245628e+00,1.4293584e+00,8.5093690e-01,8.3182404e-01,1.6751020e+00,1.0328491e+00,8.3062960e-01,4.5164937e-01,3.5855561e-01,-3.0418875e-01,3.3232029e-01
1,-1.5915972e+00,-1.5716905e+00,-1.7654318e+00,-1.7726120e+00,-2.3503891e+00,-2.0359041e+00,-1.0134638e+00,-6.9866480e-01,-1.1573069e+00,-1.2327042e+00,-1.1152819e+00,-1.5401372e+00,-6.4149504e-01,-8.8171912e-01,-9.0609237e-01,-1.3236513e+00,-2.0065216e+00,-1.5149682e+00,-5.1235351e-01,-1.6596984e-01
1,-1.9681218e+00,-2.5734916e+00,-2.0480681e+00,-2.1513318e+00,-2.4834564e+00,-2.1446748e+00,-1.6011958e+00,-1.4574756e+00,-1.6393608e+00,-1.4356554e+00,-1.3076795e+00,-1.3321459e+00,-1.7102542e+00,-1.7728626e+00,-1.1706859e+00,-5.9679073e-01,-4.7007421e-01,-2.7098484e-01,1.0368108e-01,8.2107887e-02
1,8.6043108e-01,1.4982094e+00,9.0148066e-01,7.0400103e-01,1.0795488e+00,1.0835530e+00,1.3892012e+00,2.1213780e+00,2.2840841e+00,1.7754857e+00,1.8476610e+00,1.7933893e+00,1.7498253e+00,1.1552154e+00,8.1663861e-01,9.6080933e-01,1.0554158e+00,9.3274305e-01,9.8817887e-01,6.2120037e-01
1,-2.8248599e-01,-7.7773335e-01,-8.8534574e-01,-4.5006949e-01,-8.2953575e-01,-1.0140486e+00,-9.2432355e-01,-7.2916353e-01,-1.8664263e-01,6.4309770e-01,5.2833769e-01,6.2094933e-01,1.1786532e+00,1.3796172e+00,1.0224008e+00,5.1862691e-01,2.9983903e-01,-2.9479039e-01,-1.5278420e-01,-8.1662113e-01
1,-2.8526036e-01,-6.8368916e-01,-8.2424958e-01,-2.3405327e-01,-6.9635222e-01,-6.2186492e-01,-1.3072472e+00,-6.8367623e-01,1.1109718e-01,-4.0275600e-01,-1.2865508e+00,-1.3708795e+00,-1.0034318e+00,-1.8227297e+00,-1.9268854e+00,-1.0642754e+00,-4.9897391e-01,2.3359078e-01,1.0593500e-01,1.8215458e-01
1,9.1343802e-01,5.8456433e-01,1.2551970e-01,7.9397813e-01,1.4153584e+00,7.9993075e-01,-2.9773884e-01,-4.9011772e-01,-2.6266671e-01,-4.9420406e-02,-1.1424180e-01,-9.3288848e-01,-7.5953753e-01,-8.6165043e-01,-1.4308652e+00,-1.6419338e+00,-1.3629537e+00,-1.2298674e+00,-1.0962018e+00,-1.4807907e+00
1,-1.6238443e+00,-2.4288785e+00,-1.9564815e+00,-1.4050330e+00,-1.3351479e+00,-1.5123521e+00,-1.0621498e+00,-1.1412605e+00,-1.1571441e+00,-7.2271318e-01,-8.9610742e-01,-6.0272377e-01,-3.9563938e-01,-5.1474251e-01,-3.3881244e-01,4.5972662e-01,8.9018933e-01,8.0059090e-01,-4.4334269e-02,-7.4733957e-01
1,-5.2128873e-02,7.7455704e-01,7.6705382e-01,1.1085929e+00,1.3629012e+00,1.5472927e+00,9.6376710e-01,5.7985442e-01,-6.3256058e-02,-2.7259159e-01,5.7788805e-02,3.4728479e-01,1.0262321e+00,8.8937725e-01,1.1000146e+00,9.4772005e-01,1.7500303e+00,1.7618296e+00,2.2031618e+00,1.9771797e+00
1,-5.4289861e-01,-5.6136119e-01,-5.2609464e-01,3.6975953e-01,6.0027677e-01,3.8226339e-01,5.3586917e-01,-2.3991991e-01,-1.9118285e-01,-1.2399512e-02,-2.4054218e-01,2.0359946e-01,-5.0995570e-01,-1.3764408e+00,-8.7288651e-01,-8.7533637e-01,-1.1361298e+00,-1.2259979e+00,-7.8487860e-01,-3.7118633e-01
1,4.6641761e-01,-6.0232819e-01,-6.8058751e-01,-9.4346684e-01,-5.1880970e-01,-4.0620916e-01,-3.6180615e-02,-2.7219158e-01,4.9020143e-02,9.7107133e-02,-6.9201198e-01,1.0789056e-01,1.7019874e-01,3.5002777e-01,8.8844113e-01,4.1779375e-01,1.5933066e-01,-9.0514853e-02,-3.1045893e-01,-5.1504658e-01
1,1.2013762e+00,9.5383248e-01,8.1339729e-01,1.0119591e+00,1.3183781e+00,1.0613676e+00,1.2147933e+00,7.7786796e-01,8.6509262e-01,5.0334826e-02,-2.2782557e-01,2.3336715e-01,4.6405400e-01,2.1845438e-01,-1.2366074e-01,-2.4671000e-01,-3.7240051e-01,-4.3262165e-01,-1.4028822e+00,-1.0959823e+00
1,1.6438336e-01,1.8905747e-01,5.7163265e-01,9.1610249e-01,1.0099490e+00,3.9335772e-01,8.0455715e-01,6.3325799e-01,1.3960535e+00,1.2005405e+00,1.0904413e+00,1.7330704e+00,1.9025331e+00,2.4723660e+00,2.4187969e+00,2.2604211e+00,1.6965883e+00,8.3842539e-01,5.6658406e-01,5.8303970e-01
1,-1.1959274e+00,-6.2550539e-01,-6.2701011e-01,-7.9041378e-01,-1.0179977e+00,-1.1976752e+00,-5.5256650e-01,-6.8902167e-01,4.1237939e-01,1.2681765e+00,1.8851559e+00,7.7897175e-01,1.2408127e+00,1.4580548e+00,1.1343622e+00,9.2123701e-01,1.1901134e+00,1.1048300e+00,1.0174343e+00,1.8945131e+00
1,-1.0939648e+00,-2.0889127e+00,-1.4006794e+00,-1.2477617e+00,-6.8900001e-01,-4.1876441e-01,-5.0202004e-01,8.3190148e-02,2.5990870e-01,-2.0507260e-01,-6.0338393e-02,-9.2439504e-01,-2.2060626e+00,-1.5725242e+00,-1.4259423e+00,-8.6983036e-01,-1.0644139e+00,-6.1222288e-01,-2.6118144e-01,2.7665045e-01
1,-5.1386004e-01,7.3262016e-02,2.9070202e-01,-2.5191429e-01,-4.9071166e-02,-6.5925248e-02,3.2006545e-01,1.2622416e-02,5.2152930e-01,-1.5304425e-01,-1.9441791e-02,-6.3141862e-01,-1.1085276e-01,-6.8311157e-02,-4.3210290e-01,-3.4766131e-01,-1.3218662e-01,-4.7054954e-02,-2.8205964e-01,-7.6771466e-01
1,7.2869024e-01,1.1391664e+00,1.5279472e+00,1.7820839e+00,1.4463996e+00,1.4501630e+00,2.1234215e+00,1.6110101e+00,1.8187711e+00,1.6867651e+00,1.8002471e+00,9.8445814e-01,9.4471154e-01,9.2602497e-01,9.6942442e-01,3.8627059e-01,1.9334726e-01,-2.2914592e-01,-1.2171030e-03,-5.7831726e-02
1,1.9343887e-01,4.4882147e-01,-3.3331214e-01,-5.1434635e-01,-6.6774756e-01,-8.4586096e-01,-2.0600424e+00,-1.1176266e+00,-1.1000129e+00,-1.2188607e+00,-4.9565637e-01,-1.2952362e-01,-5.4721246e-01,-1.0802632e-01,3.1174045e-01,-1.9917519e-01,-4.5627319e-01,4.2910448e-03,1.1942694e-01,-2.1622616e-02
1,-3.9347257e-01,3.9356213e-02,-1.9883034e-01,-1.2748286e+00,-1.0090359e+00,-5.6546690e-01,-1.0534178e+00,-1.0729727e+00,-1.9476316e+00,-1.0018994e+00,6.8997629e-02,7.4523468e-01,1.5116751e+00,1.3689449e+00,1.4242804e+00,1.1460120e+00,8.5686030e-01,2.2511366e-01,5.2040168e-01,1.6911723e-01
1,-1.1122749e+00,-2.7105919e-01,3.4192944e-01,8.0366324e-01,4.2878667e-01,3.4882637e-01,7.8164149e-01,7.5845707e-01,5.1910446e-01,2.6024244e-01,6.6415607e-02,-2.2181656e-01,-5.2248073e-02,9.3752002e-01,1.0990282e+00,1.0676787e+00,1.0215786e+00,1.5613322e+00,1.5541164e+00,1.4670910e+00
1,-1.4479243e-02,2.7202940e-01,-1.0372617e-01,3.4154119e-01,7.2764009e-01,6.1762731e-01,3.6726401e-01,9.5532951e-01,-6.6579803e-02,-7.4502427e-01,-1.4681598e+00,-1.2834602e+00,-8.5916031e-01,-5.1850153e-01,-2.4746688e-02,1.4301839e-01,3.7867549e-01,4.6264799e-01,2.3475804e-01,4.1917599e-01
1,3.1908697e-01,-3.4482313e-01,-3.8843879e-02,-2.5092227e-01,-6.6956481e-01,-8.0001547e-01,-1.1855169e+00,-1.1937484e+00,-1.3100512e+00,-9.9693942e-01,-9.3334670e-01,-4.8385715e-01,-6.4490904e-02,1.3893652e-01,-2.8144919e-03,-8.7044996e-02,1.4938406e-01,-4.1024945e-01,-4.2047317e-01,9.9028772e-01
1,-2.7907890e-01,3.6003387e-02,6.0765251e-01,3.9944325e-01,3.8760406e-01,8.3010038e-01,9.3148251e-01,1.5107145e+00,1.5914103e+00,1.2124768e+00,9.9791621e-01,8.0851443e-01,5.9106598e-02,3.9818794e-01,7.1953335e-01,4.9999664e-01,5.4742877e-01,2.3553892e-01,-4.0427772e-01,-2.1987167e-01
1,-4.7981234e-01,-4.9201192e-01,-1.0615262e+00,-1.7414723e+00,-2.0189510e+00,-2.1758132e+00,-1.8758961e+00,-1.7704221e+00,-1.6842171e+00,-2.4060707e+00,-2.3296442e+00,-2.2657249e+00,-2.6953434e+00,-2.6674287e+00,-2.5915764e+00,-2.4998276e+00,-2.2821235e+00,-1.8273612e+00,-1.0982533e+00,-1.4197849e+00
1,-1.3703528e+00,-1.1910807e+00,-8.4688229e-01,-2.1428755e-01,-7.9969936e-01,-5.5033495e-03,9.9741004e-01,1.2708510e+00,1.7374297e+00,1.8261508e+00,8.6959653e-01,2.6000774e-01,6.0865808e-01,3.7515799e-01,3.9067383e-01,1.1347992e+00,1.0502955e+00,1.3466278e+00,5.9948347e-01,3.7462906e-01
1,2.1488603e-01,-8.6865949e-03,-4.9107337e-01,-1.4833219e-01,-3.1827514e-01,-4.0106129e-02,-2.2471479e-01,-8.2798447e-01,-2.0823153e+00,-1.9098177e+00,-2.3668907e+00,-1.9440596e+00,-1.4127669e+00,-4.1524657e-01,-3.7788584e-01,-2.0261677e-01,-3.9935697e-01,-6.0164978e-01,-9.0137216e-01,-4.4689114e-01
1,-4.0624146e-01,-4.5199835e-01,-1.1073688e+00,-1.1303459e+00,-2.2023353e-01,-3.6642226e-01,-1.0610856e-01,-1.0254916e-01,2.9628039e-01,2.6669867e-01,7.8636175e-02,2.7752660e-01,5.0771076e-01,7.0423866e-01,4.3620199e-01,3.8141163e-01,2.4288322e-01,1.7647150e-01,-2.6963764e-01,-7.3891428e-01
1,-6.3173725e-01,-5.5209187e-01,-2.7057810e-01,-9.4495756e-01,-7.9018397e-01,-8.1965262e-01,-1.4730675e+00,-9.7782487e-01,-1.5192507e+00,-1.8113648e+00,-2.0766812e+00,-2.5994678e+00,-2.4770412e+00,-2.3760009e+00,-1.6393858e+00,-1.4513140e+00,-1.2220123e+00,-1.8414580e+00,-2.3691563e+00,-2.2117642e+00
1,1.6361129e+00,7.8974939e-01,4.1260117e-01,-1.3328645e-01,1.4279399e-01,6.4014711e-02,-2.4223730e-01,-5.1729552e-01,4.8115293e-01,7.6147556e-01,1.3447069e+00,8.8742062e-01,1.0460441e+00,8.6474335e-01,4.4730390e-01,-1.4868462e-04,1.8806165e-01,-1.5194188e-02,-2.4899634e-01,1.1797385e-01
1,1.8118262e+00,2.1550040e+00,1.3660332e+00,1.8905930e+00,2.4619290e+00,2.4147853e+00,1.7176957e+00,1.0484082e+00,9.5462160e-01,8.2244318e-01,1.3772595e+00,1.3970903e+00,1.3054847e+00,1.3360735e+00,1.0110117e+00,2.9472103e-01,3.2510183e-02,3.0415970e-01,-1.4274750e-01,-1.9453038e-01
1,8.4765089e-01,1.4530809e-01,-1.5723824e-01,-1.9320316e-01,-4.7225481e-01,-8.8613942e-02,5.0566959e-01,5.3051500e-01,4.8322721e-01,7.5653519e-01,1.3141122e+00,1.1319198e+00,1.3426010e+00,1.1121030e+00,1.0079291e+00,7.5557942e-01,3.7154542e-02,-1.1370018e-01,4.0818950e-01,6.6130284e-01
1,-1.5397183e+00,-1.1005122e+00,-3.4497255e-01,2.1252871e-02,-4.3175699e-01,-5.0419881e-01,-4.0401727e-01,-3.0198476e-01,3.1946501e-01,-2.1475915e-01,1.5992306e-01,7.3107651e-02,3.7557131e-02,-3.3089714e-01,7.3792245e-02,3.5037792e-01,7.8198142e-01,9.6946854e-01,9.2307936e-01,5.1601081e-01
1,-1.2768774e-01,4.3201119e-01,-2.1714908e-02,3.5989943e-01,1.2624722e-01,5.6029475e-01,2.9114938e-01,-4.2568364e-01,-9.2090484e-01,4.1622183e-02,4.8766187e-01,6.1209085e-01,1.0560627e+00,5.0717598e-01,4.6661978e-02,-2.2989921e-01,2.8655049e-01,-2.9573452e-02,-4.4462269e-01,-5.4165114e-01
1,5.2651518e-01,7.5943305e-01,1.1073832e+00,7.1981021e-01,7.2895626e-01,1.5420247e+00,9.3888624e-01,2.5089623e-01,-4.3432474e-01,-5.8672620e-01,8.4912273e-02,-1.2503514e-01,-3.4924760e-01,-3.1007946e-01,-3.7377611e-01,-2.9030800e-01,7.5101788e-02,-4.3468492e-02,3.3179733e-01,-3.9430859e-01
1,6.0328510e-01,1.8764151e-01,6.6216202e-01,4.0264181e-01,2.8140885e-01,2.0502732e-01,4.8081338e-01,9.1282898e-01,1.1665131e+00,1.0765046e+00,2.2923147e-01,3.0353837e-01,-2.6857401e-01,-2.4506326e-01,-3.1501037e-01,-3.5498930e-01,-4.3030423e-01,-1.8663099e-01,-6.6726083e-01,-5.1531764e-01
1,9.7781644e-01,1.1249619e+00,5.8143988e-01,5.9391966e-01,4.4639704e-01,6.5789585e-01,-1.8451228e-01,8.6585442e-02,1.1548092e+00,6.9981112e-01,1.5834676e+00,1.2652666e+00,1.2560514e+00,1.0379598e+00,1.1497861e+00,1.4948254e+00,1.1498470e+00,1.7407485e+00,1.6900811e+00,1.9759514e+00
1,4.6965383e-01,3.8061237e-01,5.4654514e-02,3.0268119e-01,5.3311258e-01,2.1670950e-01,6.7818567e-01,6.4105307e-01,9.8780659e-01,-2.4214689e-01,-3.2901576e-01,-1.5736270e-01,-7.0407982e-01,1.1926815e-01,6.1520610e-01,9.6058755e-01,1.3736990e+00,1.7414945e+00,1.7005831e+00,1.6482582e+00
1,1.4822403e-01,-2.2857280e-01,-1.3158249e+00,-2.2153213e+00,-1.0910299e+00,-6.5789676e-01,-4.8732797e-01,-2.3098615e-01,3.5400185e-02,1.1989130e+00,7.4710091e-01,9.4391254e-01,6.3250760e-01,-6.4014781e-02,8.0825162e-01,1.4263357e+00,6.6323642e-01,1.1269637e+00,6.4098067e-02,5.5230199e-01
1,-1.8766356e-01,-1.4082297e+00,-1.4647686e+00,-1.6005305e+00,-1.6760161e+00,-2.0588901e+00,-1.8772146e+00,-1.3579014e+00,-1.0006529e+00,-8.6867703e-01,-7.9124980e-01,-6.5117422e-01,-3.4683495e-01,-3.2435171e-01,8.9733370e-02,5.8054468e-02,-1.7285672e-01,-9.1632695e-02,-1.5820361e-01,-3.9129617e-01
1,-1.7979732e+00,-1.8961324e+00,-1.3313866e+00,-1.1895434e+00,-1.2895534e+00,-1.6609521e+00,-2.0863834e+00,-1.7015362e+00,-1.6638482e+00,-1.9484792e+00,-1.7049431e+00,-1.1420766e+00,-1.4017368e+00,-1.1548695e+00,-5.1042182e-01,-4.9237264e-01,-2.6847901e-01,-4.5917603e-01,3.4119795e-02,3.9034453e-02
1,-8.2788617e-01,-1.8826318e-01,-7.9408170e-02,-4.9560460e-01,-1.0333137e-01,-3.1223353e-01,-1.3000993e+00,-6.5533152e-01,-6.6713594e-01,-6.1016137e-01,-7.2954293e-01,-1.6722855e+00,-1.0863993e+00,-8.5897879e-01,-1.0907255e+00,-1.0400714e+00,-8.6011166e-01,-1.4924635e+00,-1.4269472e+00,-8.8056097e-01
1,8.8472046e-01,7.0618787e-01,3.6020187e-01,2.6560295e-01,-1.3567398e-01,4.8297439e-01,5.5095140e-01,7.0523811e-01,7.1397917e-01,4.6610897e-01,5.5334897e-01,8.8313017e-01,5.2028109e-01,4.2517498e-01,6.4714852e-01,9.7839164e-01,9.9866473e-01,1.3036722e+00,7.1184993e-01,-8.9581479e-02
1,1.0139368e+00,1.0868653e+00,6.9442543e-01,1.0688559e+00,1.4221501e+00,1.2947825e+00,2.3551770e-01,-6.9244419e-01,4.2003560e-01,5.2232315e-01,-2.1983413e-01,5.6720784e-02,-1.0748353e-01,4.6016706e-01,2.3369526e-01,-3.3222484e-01,3.3430239e-01,-1.0346147e+00,-6.4155958e-01,-5.1071178e-01
1,-7.2367963e-01,-9.4769461e-01,-3.8534274e-01,5.9093748e-01,8.2763775e-01,8.8942698e-01,7.8729593e-01,5.3944322e-01,-2.6221383e-01,-5.7923258e-01,-6.2574771e-01,-4.8000879e-01,-7.2355806e-01,-4.6695228e-01,-2.7729945e-03,1.3499227e+00,7.5139245e-01,6.5956913e-01,4.1643173e-02,-5.4528430e-01
1,-1.1617923e+00,-9.6020373e-01,-1.4451872e+00,-1.1093054e+00,-1.4399989e+00,-9.6913304e-01,-8.9913901e-01,-5.5807986e-01,-3.2400956e-01,-5.7526385e-01,-2.9819112e-02,-1.9796435e-01,-7.1115028e-01,-1.9762830e-01,-4.5102608e-01,-4.6613154e-01,6.7214287e-03,-5.6169910e-01,-1.0740666e+00,-5.0610251e-01
1,2.0276694e-01,1.2617929e-01,-6.2968107e-02,-7.8026665e-02,-3.9826316e-02,4.4539334e-02,5.1045513e-02,-2.2257855e-01,-5.8792192e-02,-3.3506588e-01,-4.5915064e-01,4.2085610e-02,-3.2657262e-01,-5.1482580e-02,-1.4606367e-01,1.3371398e-01,-6.7210728e-02,-6.0625313e-01,-8.6784223e-01,-6.8527706e-01
1,2.0902438e-01,3.8651057e-01,5.8401869e-02,5.0521011e-01,1.8834911e-01,1.1147657e-01,1.1974085e-01,-3.6861028e-01,-7.9872838e-01,-1.1952130e+00,-9.5951224e-01,3.7730587e-01,1.8079294e-01,5.3030123e-01,4.9531865e-01,5.5393610e-02,-2.4830602e-01,-2.9666375e-01,-3.9964605e-01,-4.9029407e-01
1,5.2590032e-01,3.3243208e-01,-1.0693338e-01,-8.4310504e-01,-6.3915738e-01,-6.3056351e-01,-8.5723024e-01,-1.6699421e-01,-6.6671351e-03,-4.1814716e-01,-6.4430231e-01,-4.2038023e-01,-9.5040893e-01,-2.8616651e-01,-1.0753499e-01,1.7952100e-01,2.8665187e-01,2.8818436e-01,1.0134785e+00,6.2698997e-01
1,1.0519679e+00,1.8041403e-01,-2.4423761e-01,-1.2023728e-01,7.2851558e-02,-1.5599419e-01,-2.0971250e-01,1.7559151e-01,2.4904230e-01,1.7448990e-01,-1.4542122e-01,3.6519648e-01,1.2917081e+00,1.2550257e+00,4.9700386e-01,1.5388277e+00,1.2765775e+00,1.9149113e+00,1.8733223e+00,1.6043041e+00
1,4.4675182e-01,1.1245754e+00,7.0700471e-01,1.1198729e+00,4.1871370e-01,7.3538213e-01,5.5583746e-01,2.7703087e-01,-8.8300998e-02,3.9038909e-01,2.3153663e-01,1.8427845e-02,1.0749404e+00,1.0242750e+00,9.2580448e-01,1.3100284e+00,1.1193118e+00,1.8263831e+00,1.7573817e+00,1.8610977e+00
1,1.0604310e+00,9.8594867e-01,4.7698760e-01,3.3219857e-01,9.1747686e-01,1.6138984e+00,1.7944627e+00,1.1466189e+00,1.0071852e+00,1.1701641e-01,7.9592741e-01,-9.2433625e-02,-4.4282211e-01,-2.2887994e-01,-5.5123979e-01,-5.5300317e-01,-9.8866306e-01,-5.2998723e-01,-2.8053138e-01,8.3997180e-01
1,-1.0452355e-01,5.8665289e-01,5.2453754e-01,6.5330762e-01,1.4654012e+00,1.0017322e+00,6.7813352e-01,1.3907675e+00,6.9329533e-01,9.2265859e-01,7.9579531e-01,8.7039080e-01,7.8419956e-01,8.2830737e-01,1.1472064e+00,8.8388843e-01,5.0932984e-01,4.2218074e-01,7.4254908e-01,4.2002264e-02
1,8.9289822e-01,1.5205994e+00,1.5626754e+00,9.3070568e-01,5.9968767e-02,-3.4686338e-01,-8.1442603e-01,-4.4535015e-01,-7.6490857e-01,3.8711976e-02,3.8222067e-01,1.6376368e-01,-1.2141609e-01,-3.0585664e-01,5.7827184e-02,-5.9609084e-01,-1.0230673e+00,-1.1694692e+00,-1.6550506e+00,-1.3096340e+00
1,-1.0286118e-01,-6.4719278e-01,-3.1303148e-01,-4.9133563e-01,-6.2710250e-01,-3.2975876e-01,-8.5550232e-01,-8.5866465e-01,-6.6369462e-01,-8.6286097e-01,-9.9707334e-01,-7.8487551e-01,-1.1867262e+00,-1.4995301e+00,-2.3156645e+00,-2.1268063e+00,-2.0337148e+00,-1.6930618e+00,-1.7945780e+00,-1.5777912e+00
1,-1.5583001e-01,-2.1424308e-01,-7.1783003e-01,-4.2227120e-01,-5.0525030e-01,-1.2520844e+00,-1.7245959e+00,-2.1187032e+00,-1.6735487e+00,-1.2800053e+00,-1.1838356e+00,-1.0898003e+00,-1.8039027e+00,-1.7767675e+00,-2.0383977e+00,-1.7344537e+00,-1.1902410e+00,-9.9145647e-01,-9.5980010e-01,1.1799500e-01
1,-1.9103808e+00,-1.7231793e+00,-1.7031797e+00,-1.9797365e+00,-1.3664519e+00,-3.0396132e-01,1.6757521e-01,5.5024361e-01,2.9613583e-02,-6.3090057e-02,-6.5001604e-01,-1.1663793e+00,-5.3851739e-01,-8.8736899e-01,1.6715682e-01,1.4164024e-01,4.7886925e-01,-2.9968270e-01,-5.4632670e-01,-1.6510321e-01
1,-8.7181933e-01,-5.1202445e-01,-4.3887411e-01,-9.1089801e-01,-1.3384181e-01,-5.7439001e-01,-8.2415161e-01,-1.3818078e-02,-8.6423602e-01,-1.9213486e+00,-1.5988678e+00,-1.3700555e+00,-1.1032680e+00,-1.6580499e+00,-1.0162662e+00,-5.1054997e-01,-5.3636182e-01,-4.9382614e-01,-2.5308745e-01,-6.4513801e-01
1,1.0533277e+00,1.0216837e+00,4.4488349e-01,4.3400549e-02,-3.7253250e-01,-7.0277608e-01,-8.3555363e-01,-9.7814087e-01,-1.1487989e+00,-8.8923666e-01,-2.1358732e-01,-4.1506651e-02,-9.5608038e-02,4.4292215e-01,4.1554431e-01,2.2922154e-01,-2.7951532e-01,-1.6620377e-01,-2.8262704e-01,7.6944257e-02
1,3.4453025e-01,5.1114754e-01,5.1212740e-01,-4.0756099e-01,-3.8068963e-02,-2.8575526e-01,-5.5242951e-01,-3.9460449e-01,-7.8297569e-01,-1.1295293e+00,-1.2883987e+00,-1.3525945e+00,-1.1292505e+00,-7.3286859e-01,-1.3477080e+00,-1.6658139e+00,-1.5324097e+00,-2.1862558e+00,-1.8647472e+00,-2.1317467e+00
1,2.5596594e-01,7.9615787e-01,3.4018343e-01,3.1464607e-01,-2.3476678e-01,-7.5558891e-01,-8.9839251e-01,-5.0869557e-01,-2.3128471e-01,-5.1793437e-01,2.7530731e-02,2.5196943e-01,-4.0117471e-01,-9.9144616e-01,-1.2268953e+00,-1.1904836e+00,-9.7334996e-01,-8.2308236e-01,-6.9227560e-01,-2.5267488e-01
1,8.2342773e-01,6.8472472e-01,4.0771392e-01,5.6645285e-02,2.0682990e-02,5.7244705e-02,-2.9930348e-01,-1.3013043e+00,-8.3422705e-01,-1.3118505e+00,-1.2439260e+00,-8.6810773e-01,-1.3685426e+00,-1.1025589e+00,-1.0200377e+00,-7.7280009e-01,-8.1478402e-01,-1.0007513e+00,-7.0444673e-01,-1.4142817e+00
1,-5.4021974e-01,-3.0080674e-01,-5.1085325e-01,-4.1252011e-01,-1.8686682e-01,-6.5629124e-01,-1.8345008e-01,4.3090600e-02,-7.9025354e-02,-4.4243768e-02,5.0024821e-01,-4.4009057e-01,-5.5007375e-01,-5.9750562e-01,1.3155104e-01,-1.0712221e+00,-1.1546632e+00,-1.6407790e+00,-1.7192956e+00,-1.7281729e+00
1,-1.3814797e+00,-9.4270805e-01,-1.1424201e+00,-1.2371175e+00,-9.4439729e-01,-1.7169693e-01,-3.4259645e-01,-2.3350270e-01,-8.2085052e-01,-4.7712228e-01,-6.0951424e-01,-7.0750914e-01,-2.6070773e-01,-1.0929113e-01,-3.4472433e-01,2.9818311e-02,3.4220252e-02,-5.0101676e-02,-4.0230319e-01,-3.4698716e-01
1,1.0630725e+00,6.4297640e-01,5.6739735e-01,1.0962958e+00,1.2068654e+00,9.6891425e-01,1.2649082e+00,9.8225547e-01,7.5753390e-01,2.1022985e-01,5.9061020e-01,-1.7641966e-01,-5.4795331e-01,1.2336411e-01,3.0975949e-01,-5.0614339e-03,8.3652500e-01,8.3656186e-01,-1.1555973e-01,3.6520741e-01
1,4.1095449e-01,3.8075743e-01,3.4463618e-01,1.8616937e-01,1.6134516e-01,2.4391222e-01,-3.2096644e-03,8.3810248e-01,7.4516041e-01,5.7091515e-01,9.3052140e-02,3.4907671e-01,2.1862411e-01,-2.8274689e-01,-8.0825430e-01,-9.6334017e-01,-6.3382001e-01,-1.2344805e-01,8.4828224e-01,2.0172260e-01
1,-1.3795975e+00,-1.7608169e+00,-1.6936838e+00,-1.8448920e+00,-1.6145091e+00,-1.9220063e+00,-1.8455964e+00,-1.4451412e+00,-1.3118919e+00,-1.4064483e+00,-1.5903377e+00,-1.2184948e+00,-1.2657203e+00,-1.5300572e+00,-9.9269249e-01,-8.6580481e-01,-6.4786985e-01,-5.6853501e-01,-4.4015212e-01,-2.3521743e-01
1,-1.5431863e+00,-2.3000031e+00,-2.2144598e+00,-1.8351526e+00,-1.2732372e+00,-1.3120287e+00,-8.9396341e-01,-6.6417762e-02,-1.4997826e-01,1.7594526e-01,7.0447999e-02,-1.6411109e-01,-8.3399303e-01,-1.0900828e+00,-1.4349405e+00,-1.3551248e+00,-9.7333425e-01,2.4114970e-01,-9.9011871e-02,-3.1167639e-02
1,-6.5562720e-02,1.1836628e-01,-5.7746034e-01,-7.1175837e-01,-3.2918928e-01,-4.7714509e-01,2.8550722e-01,1.0463756e+00,5.7024803e-01,7.3056147e-01,1.0498441e+00,4.7616279e-01,5.4364989e-01,1.1572224e+00,1.0058614e+00,5.3952050e-01,1.2338172e+00,1.4221063e+00,7.8782955e-01,1.2730364e+00
1,-1.0061484e+00,-5.9259561e-01,-2.5874056e-01,-3.9594175e-01,2.2137153e-02,-5.0996785e-01,-3.3112458e-02,-2.4554673e-02,1.2834325e+00,1.0317989e+00,9.5790536e-01,1.4680102e+00,1.7054162e+00,2.0270505e+00,1.8494031e+00,1.5178053e+00,1.3176625e+00,1.3168612e+00,5.6533555e-01,-8.0133772e-02
1,6.6017735e-01,9.2466237e-01,8.9624501e-01,2.8574155e-01,-2.5663352e-01,-2.8904479e-01,3.4678311e-01,-2.7890547e-01,-2.0726274e-01,-7.0624145e-02,-2.6070898e-01,-7.3821357e-01,-5.4050371e-01,-8.0970414e-01,-7.7479670e-01,-1.1317013e-01,2.5127912e-01,9.7648346e-01,1.0649164e+00,8.7434056e-01
1,6.2685377e-01,1.0148543e+00,1.0494327e+00,1.5558896e-01,-5.6678485e-01,-4.0915023e-01,-4.0188605e-01,9.9041126e-02,2.9338229e-01,-7.4341039e-03,5.5329768e-02,-1.1539016e-01,-3.6523050e-01,-4.0453984e-01,-7.5706538e-01,-4.2923407e-01,-3.8042125e-01,-8.8775363e-01,-7.7415556e-01,-9.5135424e-01
1,-1.0877761e+00,-1.0284802e+00,-1.2682234e+00,-1.3176203e+00,-9.3668261e-01,-9.4528618e-01,-1.1508549e+00,-9.8757827e-01,-8.7021759e-01,-6.2285700e-01,-1.2505964e+00,-6.8819668e-01,-7.2802920e-01,-6.5852122e-01,-1.2746761e+00,-1.2092380e+00,2.7163624e-01,-2.7990363e-01,-4.3236318e-01,-7.4327958e-01
1,-1.9748724e-01,-1.5836368e-01,-1.6812091e-01,2.1760649e-01,3.4033240e-01,5.0852044e-01,5.7182447e-01,5.2559037e-01,1.0693722e+00,5.5633149e-01,4.5817815e-01,1.9691831e-01,6.3294590e-01,6.3921449e-01,7.8876400e-01,8.7095848e-01,7.6982159e-01,1.2543462e+00,1.0085973e+00,8.5250490e-01
2,-3.7548874e-01,-1.6612445e+00,-1.5152689e+00,-1.3449513e+00,5.9709239e-01,1.4863868e-01,9.2905169e-01,2.4932498e+00,1.7469805e+00,1.2850451e+00,-1.9814615e-01,-1.1397587e+00,-3.5442330e-01,-8.0242602e-01,-1.7363657e+00,5.8531870e-02,-1.2181984e-01,-9.9863376e-01,-1.0104870e+00,-7.9319633e-01
2,8.6283272e-02,-8.1235993e-01,-1.3076403e+00,1.3996324e-01,3.1725318e-01,-9.1593207e-01,-1.6366667e+00,-7.1290837e-01,2.3207186e-02,-1.0276295e+00,-2.0801414e-01,4.8975473e-01,1.4226668e+00,1.1446791e+00,2.0443593e-01,9.6595527e-01,-1.3057712e+00,-7.0799059e-01,-3.1257633e-01,1.4541911e+00
2,7.5550946e-02,2.9107228e-01,6.0071450e-01,1.1127049e+00,1.2518439e+00,-1.0007342e-01,-2.3879925e-03,1.0159860e+00,5.5389983e-01,-1.0089078e+00,-2.2343146e+00,-2.1284480e+00,-2.7273215e+00,5.5975977e-01,-3.9220309e-01,1.1726211e+00,-1.4367523e-01,2.6841778e-01,1.1032759e+00,8.5482554e-01
2,-3.2092348e-01,-1.0752019e+00,-2.7316015e+00,-1.7401098e+00,2.4066722e-02,2.2638798e+00,1.4255001e+00,4.5040543e-02,-1.2074681e-01,7.1380154e-01,9.4605786e-01,5.0139351e-01,1.6760457e+00,-4.3921753e-01,7.9245354e-01,4.4644817e-01,-1.5444641e-01,-8.5417424e-01,-2.6671252e-01,-4.9955101e-01
2,-2.2629390e-01,1.0813635e+00,-9.8690256e-01,-5.8805356e-01,7.4660748e-01,5.8591621e-01,-6.9538638e-01,-9.1711088e-01,-1.4714848e+00,-1.6236147e-01,-3.7723867e-01,-3.7804255e-01,5.6316152e-01,-2.4638923e-01,6.9301547e-01,5.2987080e-02,5.9708617e-01,-4.7212254e-01,-3.1297766e-01,1.4574826e-01
2,3.7073463e-01,5.0442980e-01,-4.6656935e-01,1.2670661e-01,3.8504779e-01,3.3212245e-01,4.7642408e-01,-1.7693930e-01,8.9332036e-02,3.1002524e-03,-5.4717623e-01,-9.7782796e-01,-8.0894721e-01,-1.0301583e+00,-1.3051514e+00,-1.4494292e-01,-1.5282584e+00,-1.2527978e+00,-3.8538452e-01,-8.2934631e-01
2,1.9938437e+00,6.3744960e-01,1.0872652e-01,1.2122334e+00,-3.3845370e-01,2.9974540e-01,6.9773872e-01,9.3504491e-01,3.4391695e-01,-5.0540257e-01,-3.2368055e-01,-6.4854362e-01,-2.9726146e-01,2.9327438e-01,-4.6909047e-01,2.3184962e+00,5.5440770e-01,-1.4649876e-01,7.6085572e-01,1.1111478e+00
2,-4.1550796e-01,-2.0611139e+00,-2.5982291e+00,-1.2272403e+00,-4.9109713e-02,4.9026144e-01,-4.0709668e-02,1.8401016e-01,-1.7723207e+00,-5.6072781e-02,2.8742191e-02,-6.8073470e-01,-2.5782247e-01,1.3090510e+00,6.1974265e-01,3.1037765e-01,-7.5066666e-01,-1.5013664e-01,-4.5680544e-01,4.7460817e-01
2,1.3946450e+00,1.2901600e+00,3.2692790e-01,-9.3063125e-01,-1.0731360e+00,8.8350238e-01,5.0778957e-01,-3.1361218e-01,-7.3453393e-01,-4.3845000e-01,1.6413758e+00,3.8787549e-01,1.2381422e+00,1.0677047e+00,1.6660793e+00,1.3336463e+00,1.4194456e+00,1.5002195e+00,1.9441460e+00,1.7491649e+00
2,-4.8525643e-01,-4.3630372e-01,-7.9425888e-01,-1.8135778e+00,-6.7872162e-01,-8.5099345e-01,-5.0999566e-02,9.2464265e-01,-9.4059902e-02,1.3751296e+00,-6.3940224e-01,-1.1611940e+00,4.5943169e-01,3.9944404e-02,-1.0559694e+00,-4.4869311e-01,7.4067088e-01,-5.6797357e-01,3.6519107e-01,-3.0792156e-01
2,8.5309893e-01,2.0800148e+00,2.0166520e+00,8.8017788e-01,1.8447734e+00,4.4996043e-01,-7.3617581e-01,-1.5978743e+00,-1.0499059e+00,6.3586106e-01,1.2104829e+00,3.2073293e-01,8.5361733e-01,1.2761600e+00,2.2840617e+00,2.2008535e+00,2.2309665e+00,-2.7571724e-01,-1.4394718e+00,-1.0341675e+00
2,8.8042259e-01,4.6676382e-01,7.1431510e-02,8.9335749e-01,-4.6072076e-01,9.4011653e-02,8.9000209e-01,1.5412952e+00,7.8097194e-01,1.9950117e+00,6.6294132e-01,1.6169895e+00,2.0902179e+00,1.7943022e+00,8.2085181e-02,9.3615866e-01,7.7811920e-01,9.2386858e-01,9.1499283e-01,1.0584017e+00
2,-1.1305308e+00,-1.4476033e-01,2.0610896e-01,6.1553964e-01,2.8075181e-01,-3.3029917e-01,7.1108469e-01,1.0576120e+00,1.2473396e+00,2.8456602e+00,1.3867731e+00,1.2233434e+00,9.3108499e-01,1.9324901e-01,-3.3775666e-01,-6.0647345e-01,-8.9252087e-02,-5.7287960e-01,-7.6274481e-01,-5.5459287e-01
2,-8.7557616e-01,-1.2486119e+00,-3.0395997e-01,-6.8619584e-01,7.7268572e-01,1.9596926e+00,1.3703142e+00,5.1308810e-01,3.4426969e-03,-1.2435757e+00,-5.3653653e-01,-9.6869465e-01,-1.4605944e+00,3.6305703e-01,7.7667422e-01,1.1171088e+00,2.1508169e-01,9.5184970e-01,4.9441848e-01,-1.1132250e-01
2,-7.8409542e-01,1.8413083e-01,1.3852061e+00,1.5890049e+00,3.3346495e-01,-8.2052672e-01,-1.1628204e+00,6.7948746e-02,2.3527956e+00,6.5611650e-01,9.5975229e-01,-5.0812433e-01,1.5600005e-01,4.7242637e-01,-1.0735607e+00,-3.6592381e-01,-7.0587686e-02,3.0248006e-01,-7.7349147e-01,-1.6441222e+00
2,-5.8623390e-01,1.8778991e+00,2.3295269e+00,2.2112363e+00,1.9482895e+00,1.9682269e+00,1.7265657e+00,8.8923523e-01,9.1012230e-02,1.4659025e+00,1.0298646e+00,3.3522004e-01,-1.4451898e+00,-2.7405712e-01,-1.6497225e+00,-3.9068147e-01,-1.0652126e+00,-1.7348364e+00,-4.0640122e-01,7.3657732e-01
2,-2.2103995e-01,-1.3177870e+00,-9.3317167e-01,7.6299176e-01,-8.1480843e-02,-1.5155319e+00,-2.5501430e+00,-1.8058698e+00,-1.5016637e+00,-1.7759585e-01,7.9222486e-01,9.8539977e-01,3.1390620e-01,-9.2072981e-01,3.9747357e-01,2.9485657e-01,5.5423747e-02,1.2199312e+00,2.8857875e+00,1.7202557e+00
2,-2.2960097e+00,-1.0966384e+00,-1.8058780e-01,-2.5960635e-01,-1.7394025e+00,-8.3394736e-01,-5.9400787e-01,4.9820589e-01,9.0664455e-01,-9.1556229e-01,3.6460984e-03,-8.6577668e-01,-2.7703157e-01,-3.0317313e-01,8.2808345e-01,-8.1253930e-01,-1.1023141e+00,-5.7749584e-01,7.9058474e-01,2.0891046e-01
2,8.0035747e-01,-4.0291379e-01,-8.6904677e-01,-1.9538348e+00,2.1746398e-01,8.3549730e-02,5.8251144e-01,-3.4434795e-01,-9.6984392e-01,-4.3776122e-01,5.9957237e-01,-1.4484852e+00,-3.7180822e-01,-1.0757526e-01,9.7357858e-01,1.8677245e+00,2.4094250e+00,3.0668246e-02,2.0935888e-01,1.1167459e+00
2,-2.3418630e-01,3.7202063e-01,3.4225727e-01,-2.9104620e-01,1.4994895e-01,1.1155619e+00,-4.8756121e-01,1.0995694e+00,-8.4101192e-01,-7.5913651e-01,-6.8393059e-01,-5.7707498e-01,-3.3190973e-01,-5.2543891e-01,-2.4966207e+00,-1.3576903e+00,1.3188297e+00,8.8255125e-01,1.5069810e+00,1.2274065e+00
2,-1.6407934e+00,-1.0335910e+00,7.7923555e-03,-3.4782281e-01,-8.8914240e-02,-4.2267272e-01,1.3590758e+00,1.0473385e-01,-6.0549499e-01,-7.4983799e-02,-5.4390713e-01,-1.7122060e+00,-1.5263579e-01,-7.8224489e-01,5.1272166e-02,-9.1062000e-01,-6.9678338e-01,1.7087098e-01,3.5190854e-01,-1.6225048e-01
2,8.6655060e-01,7.6596715e-01,7.8809032e-02,1.1010239e+00,-1.1162881e+00,7.8042520e-01,1.2518258e+00,1.7571119e+00,2.6028694e+00,5.5027082e-01,5.5658560e-01,7.2778613e-01,6.1165554e-01,9.0619560e-01,-6.5412674e-01,-2.9666290e+00,-1.8377749e+00,2.6412551e-01,6.2201895e-01,-1.0744294e+00
2,-5.7035658e-01,-6.9015743e-01,6.9638408e-01,-6.9146376e-01,8.7994702e-02,-1.2297011e+00,-1.1341697e-01,2.3051516e-01,6.9074515e-02,2.7984868e-01,8.9987479e-01,-5.7245356e-01,-6.2529892e-01,1.1489567e+00,5.5787351e-01,-5.3041959e-01,-1.9312419e-01,5.2754914e-01,-3.4167208e-01,7.3792222e-01
2,-1.4881210e+00,-1.2199404e+00,1.0192775e-01,8.2305781e-01,6.2953929e-01,-1.9819755e-01,9.4040485e-01,-2.7392177e-01,3.9680408e-01,-9.2953032e-01,-7.2869850e-01,5.2940035e-01,-1.8688374e-02,8.4268243e-01,-1.1790905e+00,-2.1444230e+00,-3.9800632e-01,-6.0982054e-01,-5.8000105e-01,7.8894460e-01
2,1.4033668e+00,-3.6756036e-01,4.6903380e-01,2.6020038e-02,1.4430654e+00,-3.2172238e-01,1.7024065e+00,8.7052395e-01,1.6434674e+00,1.4694641e+00,8.5818057e-01,1.9446876e+00,1.7308629e+00,6.1961041e-01,-6.7196065e-01,5.7142760e-02,8.7354346e-01,1.1288614e-01,1.2782660e-01,2.0274470e-01
2,1.4780520e+00,2.6311115e+00,9.1718234e-01,-6.8964009e-01,2.1412074e-02,-1.2505798e-02,1.1928071e+00,2.2880521e+00,1.5149592e+00,1.7991965e+00,2.2088401e+00,-5.3679306e-01,-6.1533247e-01,7.6097905e-01,1.4081888e+00,8.7881879e-01,-3.3280846e-01,-2.1744380e+00,-6.7493151e-01,6.4824378e-01
2,1.1618640e-01,4.1772815e-01,-3.1273172e-01,4.3299306e-01,7.8864427e-01,9.9115553e-01,-3.4016709e-01,4.3050280e-01,5.9462858e-01,4.2708932e-01,8.6694781e-01,9.7244998e-01,2.2306286e+00,4.8374893e-01,-1.1537747e-01,7.6941303e-02,-6.1195883e-01,-4.3996883e-01,1.5897251e-01,2.6966017e-01
2,-1.3996142e+00,-1.6671481e+00,-4.1142937e-01,1.1025091e+00,-1.1115955e+00,-1.6173592e+00,6.8911664e-01,6.4518503e-01,1.9224044e-01,-5.8641914e-01,-9.8980026e-01,-2.0192688e+00,-2.2535568e+00,-4.7914382e-01,7.1394257e-01,-7.2346243e-01,-1.5754131e+00,-1.2546953e+00,-1.1236432e+00,-2.9859664e-01
2,1.4219824e-02,-2.7130483e-01,-1.1414926e+00,4.6464024e-01,3.6901485e-01,1.9012783e+00,9.4098952e-01,-6.2400556e-01,-1.2044938e-01,-2.4189656e+00,-1.3501073e+00,-7.4922334e-01,-1.4716047e+00,-1.0328552e+00,-1.2347616e+00,-4.2142596e-01,-2.1977418e-01,7.9583079e-01,1.4200685e+00,8.2033388e-01
2,-6.0516231e-02,-2.7128140e-02,-5.3471699e-01,7.1602503e-01,1.4721842e+00,1.3614832e+00,1.5404033e-01,7.5326956e-01,-2.6914031e-01,-7.6718500e-02,5.7106291e-01,1.7179573e+00,1.3856479e+00,7.1444079e-01,-1.4351220e+00,4.7107654e-01,-6.1112966e-01,-1.0036360e+00,7.4251655e-01,-5.1095583e-02
2,-1.5022016e+00,-6.5202853e-01,3.1219585e-02,-7.5401662e-01,-7.1365099e-01,1.2154836e-02,-3.1977215e-01,-3.5593499e-01,5.8311414e-01,-4.1609342e-01,-1.3699440e+00,4.7156982e-01,-3.2286221e-01,-1.4776841e+00,-2.6408663e+00,-2.0436048e+00,-1.2315899e+00,-1.3534356e+00,4.1254092e-01,1.0898758e-01
2,1.1711692e+00,1.2423583e+00,5.4403597e-01,6.1241056e-01,-6.5019311e-01,-1.2471851e+00,-1.8369698e-01,-4.1211854e-01,-3.5765374e-01,3.4891888e-01,2.5398030e-01,-4.6968905e-01,-1.1091614e-01,-1.8815493e-01,9.3769782e-01,1.1082663e+00,4.0608627e-01,5.1354439e-02,7.4718919e-01,9.4399315e-01
2,-3.9590216e-01,-1.0295750e+00,-2.0518907e-01,-1.3919278e+00,-1.2973155e+00,-6.6674819e-01,-1.5235456e+00,-9.2203904e-01,5.3361832e-01,-1.3202146e-01,6.8587918e-01,1.1205191e+00,1.4599428e+00,1.3268896e+00,1.5243290e+00,-1.5294780e-01,1.8143689e+00,8.5132568e-02,7.9577710e-01,-1.1386278e+00
2,7.3828586e-01,8.3647375e-01,-3.3269005e-01,-4.9463470e-01,-9.6320509e-01,-7.7247363e-01,-2.6706204e-01,-5.3418350e-01,1.7627937e-01,-1.4743932e+00,-2.0794891e+00,-2.1317387e+00,-1.2046082e+00,-1.7097620e+00,-1.2128302e+00,-5.9565512e-01,7.6933491e-01,-2.3022970e-01,2.6314482e-01,-2.2666594e-01
2,2.0202283e-01,-1.0614269e+00,-1.2040043e+00,-1.1336522e-02,-2.5792866e-01,-9.9363742e-01,3.7820729e-01,1.3482511e+00,3.6053378e-01,6.7289031e-01,-1.0041650e+00,-2.6160234e+00,-8.0852967e-01,4.9500989e-02,3.0152406e-01,4.3053658e-01,-5.8493071e-01,-2.9953835e-01,-9.4201365e-01,9.3315636e-01
2,8.3938378e-01,7.6496870e-01,1.4657430e+00,2.8430001e-02,2.8258475e+00,3.0328082e+00,1.6956754e+00,3.4729457e-01,-1.5734754e-01,1.2814199e-01,7.0967071e-01,1.2647648e+00,4.3550978e-01,2.1573518e-01,-4.4622449e-01,-1.8556612e+00,-5.7813976e-01,6.4537500e-02,5.1536782e-01,6.3906866e-01
2,-4.4750248e-01,3.5580790e-01,6.8647460e-01,3.3345733e-01,2.0626706e+00,8.4048775e-02,-4.7262152e-02,7.2077542e-02,1.1929238e+00,2.9462408e-01,3.9199070e-01,3.5406289e-01,8.5079727e-01,-5.1030717e-01,-1.3757867e+00,1.0830516e+00,1.4393347e+00,1.8705126e+00,1.2527036e-01,1.5323285e+00
2,-1.1453845e+00,-8.5123925e-01,-6.7967108e-01,-1.0544203e+00,-1.3378472e+00,-1.7136549e+00,-1.0258557e+00,-1.1790505e+00,-1.8668461e-01,-4.3350819e-01,-2.7147172e+00,-1.4273671e-01,-1.3896086e+00,-1.4613254e-01,7.5201572e-01,1.0020188e+00,1.9261765e-01,-2.3010166e-01,9.4727776e-01,-1.0036362e+00
2,7.5526654e-01,1.4805128e+00,5.2959765e-01,3.9236106e-01,1.8062548e-02,-1.2507609e+00,-7.4293525e-01,1.3897434e+00,-9.1269358e-01,-2.7761183e-01,-8.5650881e-01,-6.4341395e-01,-3.2585900e-01,-6.9327748e-01,-1.8977765e+00,-1.2636500e+00,-8.4869730e-01,-1.4851495e-01,1.4314001e+00,-5.0273949e-01
2,-1.6929866e+00,-1.8554639e+00,7.2665102e-02,-1.2259425e-01,-1.2253276e+00,-1.9919022e-01,5.8048866e-01,1.2891457e+00,-1.1319334e+00,8.3030595e-01,-7.2532589e-02,5.7999450e-01,-9.4641508e-02,-6.7150458e-01,-9.6881321e-01,1.2347685e+00,2.0816447e-01,-2.0671456e+00,-2.4874198e+00,-1.2498215e+00
2,-1.0659360e+00,-3.4652096e-01,2.1391505e-01,-4.9958174e-03,7.2234507e-01,7.0370045e-01,1.9247356e+00,1.6982140e+00,1.8167570e+00,3.0277968e+00,8.8755772e-01,-4.3200967e-01,-1.3694099e+00,-1.3923950e+00,-9.1099579e-01,2.3148519e-01,1.1163144e+00,-8.1624241e-01,-1.3534587e-01,-1.7102593e-02
2,-1.5473403e-01,-1.4493870e+00,1.8592590e-01,-6.0576662e-02,-9.4304300e-01,-4.6047399e-01,-1.8504461e-01,1.2401733e+00,6.6971661e-01,1.6111192e+00,2.9424807e+00,1.3741706e+00,-1.3099015e+00,9.9773404e-02,2.1166016e-01,3.4899387e-01,5.6309433e-01,8.6115859e-02,-9.6719620e-01,7.0409971e-01
2,-7.5246452e-01,-7.2489536e-01,8.6060378e-01,1.0811314e-01,1.3092830e+00,1.1640760e+00,-3.1543990e-01,-1.5325362e+00,3.7678627e-01,-1.5715379e+00,-8.1909628e-01,-1.1382964e-01,-5.9446392e-01,5.7231274e-01,-1.1172089e+00,-5.6531756e-01,2.3378558e-01,8.7563534e-01,1.2222424e+00,1.7824373e+00
2,-1.7041201e-01,4.6285449e-01,3.7452048e-01,-7.8283313e-01,3.7079338e-01,4.3849421e-01,2.5114014e-01,5.4090591e-01,8.6996003e-01,-2.6532304e-02,-2.2058691e-01,2.2158883e+00,1.4774792e+00,2.1112102e+00,2.7434594e+00,1.7177765e+00,1.9060252e+00,1.9274662e+00,6.5146041e-01,-2.3414702e-01
2,7.7375278e-01,1.5060336e+00,-3.6132290e-01,8.0416196e-01,1.6294223e+00,1.4453473e+00,1.0571643e+00,1.4980877e+00,-1.7221916e-02,-2.4664950e-01,5.6469363e-01,-3.4675718e-01,-7.7682052e-02,-1.7262260e-01,-1.3189023e-01,-1.8645730e+00,-1.4731511e+00,-2.7284814e-01,-1.8965908e+00,-4.1406183e-01
2,-1.4580216e+00,-1.7093860e+00,-2.1973090e-01,-4.1832569e-01,-4.7444876e-01,5.5638807e-01,1.0977386e+00,1.8291699e-01,-8.8713263e-01,-3.6858162e-01,-1.9982297e-01,8.3586309e-01,1.4246132e+00,7.6769296e-01,4.7039634e-02,-7.1458403e-01,-2.5466963e-01,-1.0681550e+00,-1.3433180e+00,1.2996031e-01
2,-2.5417787e-01,1.2148199e-01,-2.9588426e-01,-4.0707329e-01,4.6976897e-01,-8.8755935e-01,-1.2901385e-01,1.2040765e-01,-9.7655280e-01,9.4216338e-01,-7.8077850e-01,-1.2293132e+00,-8.1296409e-01,4.8642847e-01,-1.2643353e+00,1.8274771e-01,-2.0685475e+00,-2.8733686e-01,3.3234072e-01,8.8967060e-01
2,1.4847419e-01,-2.2684091e-02,-1.4336001e+00,-5.5633618e-01,-3.7013775e-01,1.7202205e+00,2.1208515e+00,9.6284049e-01,-4.8735737e-01,-6.3835714e-01,-2.2453185e-01,-4.8909001e-01,8.3612339e-01,-2.7653744e-02,-1.5285081e+00,-2.0128636e+00,1.4901727e-01,-1.2155416e+00,-7.4280809e-01,-3.1848743e-01
2,9.8670681e-01,1.8558022e+00,5.5071897e-02,1.0173852e+00,-9.4434511e-01,-9.9304104e-01,5.7698314e-01,1.9578279e+00,-9.6089034e-02,-1.3132801e+00,-7.1842692e-01,-2.4098722e+00,-1.1009309e+00,-1.2744643e+00,-6.2813927e-01,-8.9238435e-01,1.9414689e-01,8.5763922e-01,9.8895150e-01,1.5936677e+00
2,-6.0422975e-01,-7.7948487e-01,-1.1550679e-01,5.6416634e-01,1.3872587e-01,9.0241533e-01,5.6874685e-01,-3.5913774e-01,-1.6391933e+00,-1.3787061e+00,1.1647777e+00,1.1979647e+00,-4.4412365e-01,2.0476112e-01,4.0270764e-02,5.8205838e-01,1.2239732e+00,5.8933808e-01,9.0157659e-01,-2.0865494e-01
2,2.8719946e-01,1.4076963e-01,-1.2309662e+00,2.7364965e-02,-1.6766471e-01,5.4867709e-01,-2.8006791e-01,1.2450983e+00,1.8646142e-01,-1.9982528e-02,-3.2968100e-01,-1.8089352e+00,-2.2107449e+00,-6.4284378e-01,2.3091111e-01,-7.2164940e-01,-4.0525550e-01,-1.2005387e+00,-7.8644565e-01,1.3767020e-01
2,6.1496023e-01,-8.8596788e-01,1.8587773e-02,-5.7010561e-01,-4.2066834e-01,-2.0914734e+00,-2.5967345e+00,-2.8494536e+00,-1.5134952e+00,-1.3348039e+00,6.3084763e-02,-1.8948744e-01,6.3148737e-01,1.9321943e+00,1.1797187e-01,1.5693346e-01,1.0765502e+00,1.6405279e+00,2.5707484e+00,3.0679846e+00
2,1.0918408e+00,2.5444603e+00,1.9198477e+00,1.0418284e+00,7.5918900e-01,7.5654325e-02,-1.5053275e+00,-7.3115233e-01,5.3190517e-01,-9.0062358e-01,9.4956385e-02,-1.1296938e-01,2.1969279e-01,-3.2331484e-01,-1.3033677e+00,7.8097188e-03,-9.5940082e-01,-2.9450705e-01,-6.8586942e-01,-1.0180576e+00
2,9.7920274e-01,9.8204525e-01,2.8993784e-02,9.1501066e-01,6.7396791e-01,3.4230274e-02,-1.0458474e+00,-2.0153284e+00,-1.9176088e+00,-1.4528366e+00,-6.9895844e-01,7.6674867e-01,7.8423135e-01,1.0798992e+00,-2.3670830e-01,1.5178373e+00,1.4393830e-01,1.9693142e+00,6.4320136e-01,-1.8220840e-01
2,-2.8772818e-02,-4.2175382e-02,-1.3379216e-02,3.7937663e-01,-2.4228730e-01,-1.0412159e+00,3.8250968e-01,-4.4416203e-01,-6.4887273e-01,-1.8775715e+00,-3.0318741e-01,3.7166909e-01,-1.2363545e+00,1.3697002e-01,1.3769488e-01,-4.7517559e-01,-8.0362988e-01,-1.7523869e+00,-1.8802876e+00,-6.5252389e-01
2,1.2800642e+00,-3.5279332e-02,-9.3975090e-01,8.2912588e-02,-1.6786393e-01,1.7944977e-01,8.3561296e-02,-1.7779648e-01,-4.1521964e-01,-1.8433688e+00,-1.7966382e-01,8.6784510e-01,1.2076387e-01,1.5766028e+00,-1.8298047e-01,1.4372925e+00,-3.9364150e-01,3.1553827e-01,5.4914274e-01,3.2182223e-01
2,1.2549645e+00,8.0891826e-01,4.9981859e-01,2.8522460e-03,5.1152992e-01,-1.2418791e+00,-1.5761807e+00,6.7099045e-01,6.9786842e-01,-3.1578912e-01,-1.1555591e-01,-4.6136099e-01,5.2325916e-01,7.0875774e-01,-4.7136844e-01,9.8834667e-02,-1.6429491e-01,2.6306415e-01,-1.3310238e-01,-2.4001322e-02
2,-8.4075590e-01,7.6228205e-01,9.4038764e-01,-1.5816432e-01,6.1865146e-01,-2.0933343e-01,7.9669065e-01,1.2636850e+00,2.9894469e-01,-4.2738170e-01,7.3708260e-02,-1.7189173e-01,-5.3682120e-01,-2.8783652e-01,-1.1516288e+00,-5.3431977e-01,4.0319414e-01,9.6156197e-01,8.9179084e-01,2.1191852e-01
2,3.0258729e-01,5.3520388e-01,-9.2042425e-01,-1.8059475e+00,3.0378573e-01,-9.8269601e-01,-1.5617474e-01,-1.1144427e+00,3.0667260e-01,-1.1720339e+00,-8.7684564e-01,4.7419288e-01,2.9653514e-01,1.6061871e+00,1.2029581e+00,-6.2655595e-01,-4.9445149e-01,-5.9137110e-01,-2.3295138e+00,-8.2260078e-01
2,7.9310098e-01,6.4802063e-02,5.6759807e-01,1.3863263e+00,-1.0763588e+00,1.5105772e+00,-6.0338312e-01,-1.5622810e+00,-6.8525320e-01,-6.6478662e-02,8.5699548e-01,2.0250183e-01,5.8095842e-01,5.7552259e-01,-3.3309183e-01,-6.7795220e-01,1.0089580e+00,8.6325119e-01,6.3193365e-01,-5.2145991e-01
2,-4.9529946e-02,5.1381701e-01,1.6795234e+00,2.2543724e+00,3.1505961e-01,-9.4010275e-01,9.4647570e-01,-1.0405135e+00,-1.6633482e-01,-2.9536565e-01,-4.3052880e-01,-1.9901830e-01,9.2363502e-02,-5.2296790e-01,-6.0177902e-01,-2.3247449e-01,5.4407082e-01,-1.0747538e+00,1.4958429e-01,-3.4594390e-02
2,1.3871156e+00,2.1643421e+00,2.6490946e+00,1.1601025e+00,5.4669458e-01,1.3421441e+00,-4.6989174e-01,-6.1494059e-01,-3.8848475e-01,-4.4320703e-01,7.1230738e-02,-9.9891504e-01,-6.1864633e-01,5.2095832e-01,3.5607338e-01,1.7058439e-01,3.0071547e-01,2.6232291e-01,-9.3422317e-02,-5.9040756e-02
2,2.7950340e-01,-6.8918034e-01,-1.1853356e-01,-5.5262545e-01,6.3497612e-01,1.2748834e+00,-2.9923394e-02,-4.9409160e-01,-2.2710984e-01,-6.2680653e-01,-1.0746517e+00,-9.3313194e-01,-3.1405960e-01,-1.6750666e+00,1.8706110e+00,-2.9418813e-01,-8.3330594e-02,-1.1314706e+00,3.0257598e-01,-8.1540034e-01
2,-1.4176630e+00,5.0259774e-02,5.9940372e-01,4.4748618e-01,-4.5988334e-01,1.2172224e+00,-7.4590402e-01,1.9103119e-01,1.2362319e-01,-8.3921577e-01,-1.3348937e+00,-1.1095853e+00,-8.9345435e-01,-7.6290854e-01,-7.7811700e-01,-6.2373481e-01,-1.0216163e+00,-9.8931699e-01,-9.6202461e-01,-1.1483895e+00
2,7.4202879e-01,4.6648203e-01,-4.2752934e-01,-2.7664439e-01,-7.2700802e-01,1.1156555e+00,1.1095313e+00,1.4909652e+00,1.7364404e+00,1.8152454e+00,-2.6223104e-01,6.9478219e-01,-3.1945875e-02,-1.0435069e+00,3.1231628e-01,9.6412504e-01,2.1411581e+00,5.9412870e-01,-1.8584840e+00,-8.1776723e-02
2,4.5504782e-01,-7.8724152e-01,-1.0111860e+00,-1.0121288e+00,9.8476934e-01,9.8009171e-01,-8.2069439e-01,5.9554657e-01,-2.4278838e-01,-8.5019790e-01,-1.1158252e+00,1.0675075e+00,-1.1983543e+00,-7.6604137e-01,1.0360827e+00,6.9563632e-03,-3.6072305e-01,-8.8733796e-01,-7.4611489e-01,1.7967432e+00
2,9.9000718e-01,3.4390331e-01,8.2499119e-01,4.4686508e-01,-3.9867173e-01,-4.1686636e-01,-6.1677745e-02,1.1640004e-01,7.3173736e-01,-1.1558159e+00,4.1327021e-01,1.0828191e+00,2.7078271e-01,4.8199283e-01,-6.7626248e-01,-7.3203690e-01,-6.6780834e-01,-1.0063131e+00,-7.8338766e-01,-5.6712890e-01
2,-6.4368275e-01,-1.4209472e+00,-5.1067973e-01,1.2302926e-02,-9.2493608e-01,-2.0931591e+00,-9.9119450e-01,4.0132268e-01,-7.7725742e-01,-9.8783590e-01,-2.1344961e+00,-1.4375653e+00,-4.2492820e-01,-8.3742806e-01,-2.2279129e-01,1.2111055e-01,2.7266514e-01,8.8717668e-01,-1.4656249e-02,6.8429700e-01
2,6.6825521e-01,-1.4556645e+00,-2.3254006e+00,-3.2928489e-01,-4.9140639e-01,-9.8768811e-02,5.0563275e-01,2.2567227e-01,3.2376140e-01,-7.7195009e-01,-1.8498292e+00,-2.3728373e-01,1.5901722e-01,-2.3157593e-01,1.7278627e-01,1.2961036e+00,1.3990792e+00,5.0162527e-01,1.9118310e+00,1.3391024e+00
2,-8.8814704e-01,-1.1572940e-01,7.4429918e-01,-3.9641446e-01,-6.3273097e-01,1.1255709e+00,1.8799145e+00,9.9559113e-01,-7.4684497e-02,7.8472851e-01,2.0253137e+00,-5.3059978e-01,3.9985703e-01,1.8499500e+00,1.8074094e+00,1.6412113e-01,-7.1794138e-02,2.0960034e-01,-1.0946234e-02,-1.4031460e+00
2,-4.3323496e-01,1.8385368e-01,-6.6191367e-01,-3.3142909e-01,-7.6589489e-02,-1.3591464e+00,1.0435809e+00,-9.1180748e-02,2.6975657e-01,-1.6187596e+00,-1.6699565e-01,-6.8559149e-01,-1.3662198e+00,-2.8567221e-01,-2.9940600e-01,-1.3210603e+00,-1.7102593e+00,-1.4164146e-01,-1.9407797e+00,-5.8902571e-01
2,-1.9450557e-01,2.2689558e-01,2.5406151e-01,8.2204302e-01,-2.3185493e-02,-2.8066365e-01,-1.0846895e+00,-6.3173254e-01,-6.5131198e-01,-4.4888744e-01,-4.6365272e-01,-3.0126829e-01,2.6654176e-01,-4.0588416e-01,1.3155767e+00,-6.8283781e-01,5.0784527e-01,3.9557058e-01,4.0059482e-01,-5.0785183e-02
2,4.5723671e-01,4.7273390e-01,5.0350930e-01,-6.0765597e-01,-9.3827907e-01,-1.2244183e-01,6.6086216e-01,1.0742976e+00,4.3434308e-01,-1.1819028e-01,-1.0859450e+00,-8.5832277e-02,1.0089844e-01,-4.9517745e-01,-1.2214981e+00,-8.4337906e-01,4.2561971e-01,2.4262946e-01,6.1342414e-02,1.0289107e+00
2,-2.0819044e+00,-1.1591825e+00,-9.4885915e-01,-3.1510847e-01,-4.4095753e-01,-2.0705409e-02,-1.6728061e+00,-1.5425175e+00,-2.6888483e+00,-2.3387160e-01,1.1474059e+00,1.2492569e-01,1.2135298e+00,4.7727696e-01,2.3038671e-01,-2.9381237e-01,6.7008378e-03,2.6111495e-01,1.8517473e+00,2.4443609e-01
2,-1.9901042e+00,-1.3682786e+00,-1.7294553e+00,-6.0533769e-01,1.8493418e-01,-1.2016990e+00,6.3876327e-01,3.2664785e-01,2.6777985e-01,-5.2274984e-01,-1.4353611e+00,7.3998605e-01,1.6130736e+00,1.9780178e+00,2.4650300e-01,1.9947000e+00,6.2299640e-01,3.9208805e-01,-2.6283074e-01,1.1277758e+00
2,1.2456812e+00,1.4672708e+00,1.4641756e+00,4.8134910e-01,5.1456757e-02,-2.8530679e-01,8.7078212e-01,6.2120977e-01,1.0571443e+00,1.5826473e+00,-1.6124019e+00,-4.2503030e-01,-8.5407994e-01,-4.6223605e-01,2.8457431e-01,-2.1672694e+00,-9.8367349e-01,-1.8306395e+00,2.0151262e-01,1.2371107e+00
2,-2.2719953e-01,1.2117990e+00,-1.2621909e-01,-1.9039832e-01,1.4991243e-01,-1.6645810e+00,-2.1672026e+00,-1.6802186e+00,-6.8890115e-01,-2.2956126e-01,-1.4140347e+00,-2.5231258e-01,1.1948715e+00,4.9383469e-01,1.0782549e+00,1.0938160e+00,1.2866299e-01,1.2178996e+00,7.9227793e-01,1.4874362e+00
2,-9.0526996e-01,3.3300155e-01,1.4913065e+00,8.8336007e-01,8.8016389e-01,-4.0817006e-01,-2.9581925e-01,-1.0518280e+00,-7.7211410e-01,-1.0887622e+00,-6.7283084e-02,8.0543867e-01,-3.5626930e-01,-7.1423036e-01,-7.9978200e-01,-4.7685052e-01,4.6219953e-01,6.0029266e-01,5.9782121e-01,-5.3437945e-02
2,-9.3000077e-02,1.8324629e+00,4.5255664e-01,2.4718961e-02,2.5408053e-01,1.4646008e+00,-6.3621002e-01,-7.4878921e-01,9.4781694e-01,1.2454119e+00,7.2290760e-01,-9.9018206e-02,9.5496034e-01,5.8355808e-01,4.8200277e-01,1.3392913e+00,5.1068023e-01,1.8360399e+00,2.1175262e+00,2.0335881e+00
2,6.3553238e-01,1.1791444e+00,-7.5646938e-02,-2.1948228e+00,-1.4751438e+00,-9.9184797e-01,-1.4475210e+00,-1.5357361e+00,6.3942625e-01,1.8425347e-01,5.5595157e-01,-9.2796073e-01,-1.5506005e+00,-2.1418532e+00,-1.3114327e+00,1.2646104e-01,-8.6048572e-04,6.2202803e-01,5.0323595e-01,3.8209566e-01
2,-1.7973928e-01,-1.4287291e-01,-6.6300559e-01,-2.3409294e-01,-2.9146154e-01,1.0276450e+00,5.8636546e-01,3.8264272e-01,-1.0099015e+00,-4.7098616e-01,-5.6650938e-02,-1.0209032e+00,-2.1454227e+00,-3.1541630e-01,-7.9600026e-01,-7.3095492e-01,-1.4261685e-01,-1.5497850e+00,-3.9205155e-01,9.2414666e-01
2,2.2053014e-01,6.6751337e-02,-6.5289853e-01,4.0123090e-01,1.0142229e+00,1.0245601e+00,1.6403837e+00,2.2149911e-02,-6.3185494e-01,1.1095798e-01,1.8397964e+00,9.2949085e-01,2.9177598e-03,-7.8449488e-02,6.6495665e-01,2.5963227e+00,9.7614438e-01,1.2419060e+00,7.5514720e-01,1.1947231e-01
2,-1.1350710e+00,-5.5715544e-01,-1.2980227e+00,-5.7300537e-01,-1.4325950e+00,-2.1305309e-01,-1.1060513e+00,-2.0751556e+00,-1.9231012e+00,-1.8318267e+00,-2.5225485e+00,-2.2084156e+00,-7.8594666e-01,-6.9663679e-01,-6.4394767e-01,5.6724231e-01,-6.7782471e-01,1.2015831e-01,2.4809894e-01,1.3388579e+00
2,1.8338912e+00,-4.2192796e-01,1.1535985e+00,2.3496420e-01,-6.0026532e-01,-7.8645131e-01,-2.7607329e-01,-1.7807034e-01,7.5382637e-01,-1.2972472e+00,-2.6218546e-01,-5.1651493e-01,-2.6728345e-01,-1.0548754e+00,1.2875711e+00,1.2941112e+00,1.4883236e+00,1.1379523e+00,1.6730011e+00,9.3631042e-01
2,7.6950794e-01,7.1874738e-01,2.8823157e-02,1.1461016e+00,2.7389313e+00,2.1642616e+00,1.8462269e+00,1.3005295e-01,-9.8755327e-01,-1.1101536e+00,-9.0932677e-01,-2.5731053e+00,-1.7976210e+00,-2.1997964e-01,1.0356554e+00,3.1551691e-01,-3.5255773e-01,-1.4197460e+00,-1.6202564e+00,2.6377429e-01
2,-1.5877503e+00,-1.2127457e+00,-2.2315068e+00,-6.9551903e-01,-2.5840627e-01,-6.8512588e-01,1.2282019e+00,7.9027482e-01,1.8534913e+00,-7.3097283e-02,-6.2962743e-01,-1.1420872e+00,5.0269122e-01,1.1618339e+00,-3.3083327e-01,-1.8517360e+00,1.4335283e+00,-1.9901051e-01,-1.0998317e+00,-2.0670877e+00
2,1.0890204e+00,6.6742458e-01,-5.7915394e-01,1.2255964e-01,3.9678508e-01,-1.1632537e-01,1.0985564e+00,-6.2283040e-01,-1.2463627e-01,-1.3103472e+00,-2.6847909e-01,3.2752648e-01,7.0142139e-02,-6.9641036e-01,2.2361943e-01,-4.0842734e-01,-5.2418150e-01,6.6130009e-01,-4.4764848e-01,-7.6106513e-01
2,-2.4439359e-01,-1.8312907e-01,1.1311479e+00,-1.6970732e+00,-1.2666632e+00,-1.5982177e+00,-3.0103389e-01,-2.6552556e-01,9.4900794e-01,-2.3168891e-01,3.3242394e-01,1.1025259e+00,-7.1661649e-01,-6.9538201e-02,-1.0539009e+00,-2.4831209e+00,-6.4568125e-02,-1.0029927e-01,2.4245144e+00,7.8890614e-01
2,-1.2629313e+00,-1.4134051e+00,-1.5678502e+00,-1.3290785e+00,-1.8080083e+00,-4.9812458e-02,7.3212414e-01,1.2461350e+00,1.8914152e+00,2.2492390e+00,1.0903493e+00,6.3798781e-01,2.6050360e-01,-1.4090719e-01,8.8466540e-01,1.4742402e+00,8.4548537e-01,-2.9049731e-02,-9.1795548e-02,-8.6039708e-02
2,-1.7657107e+00,-8.0617774e-01,1.3139159e+00,8.0333128e-01,8.3509011e-01,1.9974528e-01,-5.4117818e-02,4.2905690e-01,1.4531596e+00,-6.1747701e-01,7.2732806e-02,-1.3660363e-01,1.0892700e+00,-1.9412006e-01,-1.3945180e+00,-1.0233190e+00,7.2217798e-01,-1.1127305e-01,-6.0684929e-02,-8.1776137e-01
2,-5.0676199e-01,1.1324873e+00,-4.7880328e-02,8.2913279e-01,2.9707992e-01,1.2291795e+00,3.8833180e-02,2.8576354e-02,5.7087318e-02,-1.1933024e+00,4.3512432e-01,-2.1216395e-01,1.2562614e-01,3.6280112e-01,-1.1402767e-02,-9.2350596e-01,-7.7227308e-02,-1.6928970e+00,-2.2441087e+00,-1.6397307e+00
2,4.9483459e-01,6.2222694e-01,-4.6618953e-01,-1.2790559e+00,-2.5865793e-01,-7.3524415e-01,-1.1326105e+00,-1.7847318e+00,-1.6232007e+00,-1.7837227e+00,-2.1469709e+00,-1.2811932e-01,-2.5318430e-01,3.7754686e-01,1.0249412e+00,6.6008500e-02,-5.7575645e-01,8.3011407e-01,1.2092549e+00,2.3172776e+00
2,1.0228374e+00,2.5738935e-01,4.2632379e-01,9.4143919e-03,-5.9768417e-01,8.0100578e-01,8.6016931e-01,5.1644190e-02,-1.6216305e+00,-1.0643841e+00,6.1732228e-02,2.0749440e-02,-8.3248964e-01,-1.9339494e-01,-5.5338077e-01,-1.3927130e+00,-1.4412600e+00,1.3183115e-01,-2.8838033e-01,6.5923906e-02
2,1.2743165e+00,1.1239171e+00,-2.6269334e-02,7.6375886e-01,1.1031664e+00,1.7932196e-01,4.5897298e-01,-9.0042241e-01,-9.7231296e-01,-1.0467946e+00,5.1541505e-01,9.8549936e-01,-2.0199615e-01,-2.4813356e+00,-1.4219617e+00,-2.5073713e+00,-1.7630114e+00,-1.2776210e+00,-9.4367470e-01,-3.3941936e-01
2,1.2244131e+00,4.9054125e-01,-3.6792952e-01,3.2538933e-01,-3.3828786e-01,-1.4872972e+00,-2.8428015e+00,-1.0422588e+00,6.6317252e-01,4.5264127e-01,-4.1739989e-01,-1.6652655e-01,1.0229267e-01,2.6999479e-01,8.8486298e-02,-1.5771541e+00,4.0525299e-01,2.3784444e+00,1.0742078e+00,-2.6689284e-01
2,5.7133955e-01,4.9861410e-01,1.1058867e+00,-1.1819414e-01,-1.0200354e+00,-4.7138211e-01,-1.0429028e-01,-4.8497660e-02,5.6138472e-02,-6.0752007e-02,-1.1999774e+00,-9.0526065e-01,1.0786097e+00,9.5925336e-02,1.5276974e+00,-2.3812643e-02,8.2557736e-01,-5.9546173e-02,1.1865052e-01,3.5388708e-01
2,-6.0573218e-02,-3.8671216e-01,2.6966657e-01,3.9504755e-01,1.3238143e+00,1.5175257e+00,2.7710491e+00,6.7338029e-01,-8.9341194e-01,-7.7914942e-01,-1.2915869e+00,-1.1504626e+00,-2.0474052e+00,7.9828100e-02,-1.1754191e-01,-7.7302139e-01,-1.9709477e-01,-1.6792744e+00,-9.1857354e-01,-1.7763929e+00
2,-6.2505549e-01,1.5417144e+00,-1.3616017e-01,5.1697745e-01,2.6373478e-01,8.2512341e-01,1.6087063e+00,5.0450647e-01,-8.8235678e-01,1.2480248e+00,6.8904100e-01,5.0285025e-01,-1.1797007e+00,-4.9726732e-01,-3.3489078e-01,6.4691285e-03,-1.8571462e-01,-1.8761889e+00,-4.8326824e-01,-9.5818567e-01
2,-7.1638221e-01,4.9634784e-01,5.7260478e-01,-1.2057450e+00,9.9266642e-01,-4.4194825e-01,-8.9446024e-02,4.5986200e-01,-1.3266196e+00,3.7942619e-01,4.6660297e-01,-5.7832166e-01,-6.5878425e-01,-4.0471189e-01,-1.2786764e+00,-7.0210385e-01,-2.0307043e+00,-2.4044367e+00,-2.2534196e+00,-1.7246987e+00
2,7.4960272e-01,7.0524389e-01,9.5883088e-01,1.2007127e+00,1.2092142e+00,2.1367328e+00,6.8996981e-01,2.4082871e-01,5.9539231e-01,-1.2816393e+00,-1.4810169e+00,-2.6725982e-01,-1.9444313e+00,-9.4270358e-01,-2.7883802e-02,1.4229615e+00,1.8965357e+00,-6.9478384e-01,-4.5816457e-01,-7.6571849e-01